Codigo Municipio,Total Paro Registrado,Parados Hombres,Parados Mujeres
01001,1992,935,1057
01002,8393,3742,4651
01003,322,177,145
01004,1690,730,960
01006,139,60,79
01008,526,223,303
01009,1079,565,514
01010,1698,647,1051
01011,71,34,37
01013,362,185,177
01014,145,57,88
01016,185,133,52
01017,792,456,336
01018,774,371,403
01019,28,26,2
01020,152,105,47
01021,193,81,112
01022,639,337,302
01023,97,41,56
01027,237,112,125
01028,1106,531,575
01030,39,29,10
01031,939,536,403
01032,343,175,168
01033,459,210,249
01034,94,66,28
01036,14801,6753,8048
01037,465,240,225
01039,130,80,50
01041,32,13,19
01042,812,387,425
01043,3451,1838,1613
01044,89,56,33
01046,318,167,151
01047,720,367,353
01049,50,16,34
01051,5363,2388,2975
01052,77,33,44
01053,258,107,151
01054,921,468,453
01055,601,320,281
01056,132,115,17
01057,125,53,72
01058,1393,746,647
01059,212216,101621,110595
01060,73,20,53
01061,99,32,67
01062,222,128,94
01063,942,576,366
01901,2475,1056,1419
01902,414,257,157
02001,729,316,413
02002,824,376,448
02003,206017,97756,108261
02004,898,336,562
02005,1069,537,532
02006,1356,507,849
02007,1392,808,584
02008,2139,1084,1055
02009,38565,16208,22357
02010,3354,1390,1964
02011,722,404,318
02012,3601,1294,2307
02013,189,100,89
02014,491,161,330
02015,3640,1190,2450
02016,1335,564,771
02017,1687,688,999
02018,1319,635,684
02019,3852,1325,2527
02020,623,271,352
02021,1935,804,1131
02022,309,119,190
02023,721,340,381
02024,5335,2711,2624
02025,17079,7767,9312
02026,1874,861,1013
02027,183,71,112
02028,271,161,110
02029,4124,1949,2175
02030,7555,3408,4147
02031,1475,672,803
02032,395,244,151
02033,3799,1741,2058
02034,2469,1156,1313
02035,3242,1511,1731
02036,200,80,120
02037,52311,22942,29369
02038,376,104,272
02039,1125,404,721
02040,820,410,410
02041,489,245,244
02042,2116,957,1159
02043,1983,764,1219
02044,3244,1173,2071
02045,6980,3173,3807
02046,2074,792,1282
02047,19,7,12
02048,1707,696,1011
02049,1246,532,714
02050,29,10,19
02051,2564,940,1624
02052,812,362,450
02053,5779,2202,3577
02054,791,318,473
02055,2128,841,1287
02056,2985,1540,1445
02057,4830,2024,2806
02058,786,306,480
02059,488,173,315
02060,1413,681,732
02061,630,349,281
02062,894,392,502
02063,2452,847,1605
02064,573,288,285
02065,542,214,328
02066,412,217,195
02067,1685,730,955
02068,489,234,255
02069,20238,8340,11898
02070,416,232,184
02071,1690,679,1011
02072,3837,1653,2184
02073,10134,4212,5922
02074,11229,5124,6105
02075,2445,1272,1173
02076,531,172,359
02077,61,43,18
02078,951,548,403
02079,4520,1822,2698
02080,726,422,304
02081,36008,17009,18999
02082,150,99,51
02083,312,130,182
02084,750,373,377
02085,398,95,303
02086,4843,2340,2503
02901,4180,1983,2197
03001,254,115,139
03002,5918,3298,2620
03003,573,275,298
03004,778,389,389
03005,16129,7698,8431
03006,735,464,271
03007,159,67,92
03008,212,125,87
03009,86851,40568,46283
03010,262,99,163
03011,13623,6436,7187
03012,2747,1254,1493
03013,1959,967,992
03014,428101,220548,207553
03015,32578,18072,14506
03016,85,33,52
03017,635,273,362
03018,22359,11772,10587
03019,35311,17702,17609
03020,231,137,94
03021,6901,2184,4717
03022,176,105,71
03023,1531,739,792
03024,8816,5175,3641
03025,2374,1262,1112
03026,2381,1301,1080
03027,107,63,44
03028,1321,775,546
03029,295,157,138
03030,930,419,511
03031,77425,38034,39391
03032,69,41,28
03033,118,50,68
03034,3245,1770,1475
03035,985,505,480
03036,123,68,55
03037,390,231,159
03038,426,249,177
03039,163,131,32
03040,307,125,182
03041,10526,5920,4606
03042,2324,1347,977
03043,4843,1914,2929
03044,12806,6978,5828
03045,196,106,90
03046,2597,1513,1084
03047,22711,11987,10724
03048,6941,4244,2697
03049,27168,14845,12323
03050,27054,13538,13516
03051,462,236,226
03052,1115,437,678
03053,13008,6333,6675
03054,484,324,160
03055,12213,6013,6200
03056,16541,7881,8660
03057,304,185,119
03058,7215,3818,3397
03059,58550,27593,30957
03060,158,109,49
03061,2205,1346,859
03062,302,158,144
03063,56011,28792,27219
03064,10667,5928,4739
03065,417130,190541,226589
03066,101942,44553,57389
03067,143,66,77
03068,42,31,11
03069,4946,2617,2329
03070,4541,2625,1916
03071,6530,3854,2676
03072,461,264,197
03073,271,112,159
03074,2622,1544,1078
03075,104,78,26
03076,13174,6558,6616
03077,2925,1344,1581
03078,995,544,451
03079,35589,14930,20659
03080,2561,1336,1225
03081,2384,1375,1009
03082,23821,13092,10729
03083,5561,2960,2601
03084,744,396,348
03085,463,279,184
03086,189,110,79
03088,9035,5045,3990
03089,26843,12392,14451
03090,24883,13745,11138
03091,282,182,100
03092,12107,5652,6455
03093,40386,20925,19461
03094,14498,7137,7361
03095,9997,5635,4362
03096,10641,4787,5854
03097,1379,685,694
03098,879,440,439
03099,88406,47710,40696
03100,682,423,259
03101,8391,4519,3872
03102,10089,5272,4817
03103,339,187,152
03104,66920,27572,39348
03105,10283,5236,5047
03106,874,515,359
03107,4151,2251,1900
03109,6915,4448,2467
03110,358,199,159
03111,13848,7612,6236
03112,866,451,415
03113,9793,5815,3978
03114,2885,1452,1433
03115,311,178,133
03116,3078,1145,1933
03117,521,282,239
03118,6207,3342,2865
03119,23551,11840,11711
03120,6000,3144,2856
03121,36638,17389,19249
03122,71601,37455,34146
03123,17095,7262,9833
03124,463,343,120
03125,626,424,202
03127,398,226,172
03128,8097,4083,4014
03129,1384,676,708
03130,41,39,2
03131,218,111,107
03132,616,345,271
03133,120123,61998,58125
03134,134,58,76
03135,207,114,93
03136,371,247,124
03137,720,420,300
03138,6900,3834,3066
03139,46931,25146,21785
03140,52895,23215,29680
03901,2023,992,1031
03902,16875,9614,7261
03903,5925,3264,2661
03904,3140,1479,1661
04001,1196,815,381
04002,878,561,317
04003,36439,19428,17011
04004,428,261,167
04005,490,267,223
04006,11256,6682,4574
04007,808,483,325
04008,292,189,103
04009,77,67,10
04010,1119,712,407
04011,4702,2664,2038
04012,216,90,126
04013,278427,141607,136820
04014,138,90,48
04015,47,35,12
04016,2442,1210,1232
04017,1974,1261,713
04018,247,153,94
04019,136,80,56
04020,266,190,76
04021,142,76,66
04022,674,427,247
04023,40,28,12
04024,6220,3046,3174
04026,2,2,0
04027,206,127,79
04028,355,233,122
04029,21980,12499,9481
04030,1408,945,463
04031,3851,2462,1389
04032,8236,4466,3770
04033,19,15,4
04034,114,88,26
04035,16773,9849,6924
04036,275,172,103
04037,1026,707,319
04038,3938,2058,1880
04041,301,200,101
04043,425,268,157
04044,3890,2175,1715
04045,2635,1727,908
04046,1060,683,377
04047,5173,3059,2114
04048,2507,1558,949
04049,11921,6226,5695
04050,838,545,293
04051,501,283,218
04052,23020,11233,11787
04053,20407,10893,9514
04054,410,244,166
04055,432,265,167
04056,140,90,50
04057,2212,1436,776
04058,611,461,150
04059,1178,833,345
04060,508,350,158
04061,749,423,326
04062,9274,4822,4452
04063,894,549,345
04064,5732,2745,2987
04065,261,137,124
04066,29869,17393,12476
04067,752,517,235
04068,23,9,14
04069,11058,6320,4738
04070,1383,974,409
04071,431,317,114
04072,289,137,152
04073,286,186,100
04074,5708,3152,2556
04075,5822,2977,2845
04076,2076,1170,906
04077,198,150,48
04078,2737,1621,1116
04079,116356,59098,57258
04080,151,92,59
04081,606,337,269
04082,212,148,64
04083,1667,1032,635
04084,576,439,137
04085,420,275,145
04086,2867,1891,976
04087,270,149,121
04088,5436,3250,2186
04089,650,441,209
04090,305,214,91
04091,470,220,250
04092,4041,2409,1632
04093,4835,2831,2004
04094,120,102,18
04095,1142,667,475
04096,258,131,127
04097,178,151,27
04098,1108,722,386
04099,5762,3309,2453
04100,17029,9188,7841
04101,7613,3961,3652
04102,32609,17239,15370
04103,2396,1567,829
04901,319,255,64
04902,101162,53989,47173
04903,9356,5157,4199
05001,309,185,124
05002,4233,2406,1827
05005,220,82,138
05007,36,36,0
05008,279,102,177
05010,89,24,65
05012,76,27,49
05013,1197,626,571
05014,9200,4696,4504
05015,48,12,36
05016,9271,4518,4753
05017,50,37,13
05018,1,1,0
05019,64241,29966,34275
05021,1970,877,1093
05022,1801,864,937
05023,185,97,88
05024,167,97,70
05025,8,7,1
05026,176,50,126
05027,130,56,74
05029,132,52,80
05030,46,43,3
05033,84,41,43
05034,6,6,0
05035,113,40,73
05036,69,23,46
05037,140,74,66
05038,50,39,11
05039,3,2,1
05040,8,8,0
05041,1329,691,638
05042,117,32,85
05043,19,11,8
05044,139,110,29
05045,64,37,27
05046,28,7,21
05047,5902,3316,2586
05048,66,47,19
05049,290,110,180
05051,125,32,93
05052,33,18,15
05053,43,7,36
05054,2150,1348,802
05055,1436,895,541
05056,40,22,18
05057,4830,2750,2080
05058,25,19,6
05059,53,33,20
05060,62,22,40
05061,339,138,201
05062,108,61,47
05063,6,6,0
05064,77,25,52
05065,498,189,309
05066,628,338,290
05067,42,25,17
05069,37,10,27
05070,15,10,5
05072,79,35,44
05073,227,106,121
05074,477,279,198
05075,54,53,1
05076,408,156,252
05077,130,25,105
05078,135,91,44
05079,51,13,38
05080,9,0,9
05081,7,0,7
05082,776,453,323
05083,215,108,107
05084,9,9,0
05085,6,6,0
05086,6,5,1
05087,137,59,78
05088,6,0,6
05089,501,293,208
05090,56,13,43
05092,87,41,46
05093,994,639,355
05094,48,20,28
05095,302,207,95
05096,78,44,34
05097,421,242,179
05099,521,247,274
05100,415,167,248
05101,131,105,26
05102,4535,2225,2310
05103,45,9,36
05104,3,0,3
05105,241,131,110
05106,24,24,0
05107,8,1,7
05108,28,24,4
05109,547,173,374
05110,1310,692,618
05112,102,81,21
05113,34,28,6
05114,2504,1176,1328
05115,658,279,379
05116,49,26,23
05117,263,96,167
05118,76,51,25
05119,3,0,3
05120,5,5,0
05121,243,115,128
05122,57,27,30
05123,104,42,62
05124,35,27,8
05125,20,14,6
05126,6,0,6
05127,611,409,202
05128,499,295,204
05129,27,23,4
05130,79,57,22
05131,39,6,33
05132,1080,577,503
05133,19,1,18
05134,72,26,46
05135,295,124,171
05136,39,21,18
05138,207,120,87
05139,28,14,14
05140,95,34,61
05141,75,39,36
05142,103,78,25
05143,18,4,14
05144,33,16,17
05145,14,12,2
05147,120,33,87
05148,21,21,0
05149,53,38,15
05151,50,21,29
05152,694,353,341
05153,25,14,11
05154,21,11,10
05155,33,18,15
05156,446,261,185
05157,88,67,21
05158,314,178,136
05159,157,59,98
05160,210,135,75
05161,1794,1005,789
05162,53,48,5
05163,2137,1122,1015
05164,0,0,0
05165,366,224,142
05166,85,41,44
05167,74,32,42
05168,8130,4392,3738
05169,182,106,76
05170,36,18,18
05171,14,14,0
05172,137,52,85
05173,10,1,9
05174,22,17,5
05175,106,70,36
05176,179,87,92
05177,128,44,84
05178,242,101,141
05179,266,101,165
05180,76,53,23
05181,11,11,0
05182,975,717,258
05183,78,48,30
05184,209,142,67
05185,115,70,45
05186,1477,621,856
05187,3619,1850,1769
05188,18,6,12
05189,739,444,295
05190,25,7,18
05191,66,39,27
05192,63,46,17
05193,188,97,91
05194,75,49,26
05195,82,82,0
05196,89,42,47
05197,128,50,78
05198,61,25,36
05199,1,1,0
05200,21,12,9
05201,665,470,195
05204,761,363,398
05205,28,12,16
05206,31,18,13
05207,920,594,326
05208,13,5,8
05209,47,29,18
05210,24,19,5
05211,451,303,148
05212,190,136,54
05213,57,35,22
05214,39,24,15
05215,56,53,3
05216,122,72,50
05217,42,17,25
05218,88,79,9
05219,36,16,20
05220,483,238,245
05221,585,398,187
05222,101,73,28
05224,58,17,41
05225,355,208,147
05226,28,16,12
05227,767,438,329
05228,110,51,59
05229,39,27,12
05230,72,31,41
05231,131,69,62
05232,40,34,6
05233,119,88,31
05234,51,12,39
05235,65,21,44
05236,66,28,38
05237,76,19,57
05238,646,343,303
05239,142,58,84
05240,7297,4018,3279
05241,7595,4212,3383
05242,1132,526,606
05243,75,29,46
05244,1,1,0
05245,431,170,261
05246,24,10,14
05247,148,67,81
05249,92,47,45
05251,3,3,0
05252,40,26,14
05253,62,23,39
05254,244,122,122
05256,117,62,55
05257,80,36,44
05258,122,51,71
05259,94,22,72
05260,28,13,15
05261,31,18,13
05262,410,256,154
05263,96,71,25
05264,47,8,39
05265,51,42,9
05266,29,13,16
05267,52,24,28
05901,116,65,51
05902,193,91,102
05903,65,32,33
05904,83,49,34
05905,46,29,17
06001,1317,660,657
06002,6061,2235,3826
06003,752,296,456
06004,3354,1193,2161
06005,2263,875,1388
06006,8544,3210,5334
06007,3340,1312,2028
06008,1554,536,1018
06009,345,174,171
06010,2079,909,1170
06011,58953,22041,36912
06012,6187,2426,3761
06013,513,147,366
06014,10350,4627,5723
06015,210567,94359,116208
06016,6120,2291,3829
06017,455,110,345
06018,1376,627,749
06019,2898,1299,1599
06020,3218,1130,2088
06021,1423,560,863
06022,5569,2146,3423
06023,8088,3829,4259
06024,1907,932,975
06025,7701,3633,4068
06026,1453,577,876
06027,1122,467,655
06028,7079,2486,4593
06029,1895,698,1197
06030,306,173,133
06031,831,157,674
06032,32,21,11
06033,2857,1309,1548
06034,221,66,155
06035,1541,865,676
06036,9416,3783,5633
06037,3125,1338,1787
06038,1177,303,874
06039,4747,2153,2594
06040,1303,508,795
06041,782,304,478
06042,1388,619,769
06043,1155,409,746
06044,45456,19314,26142
06045,437,223,214
06046,2407,880,1527
06047,1656,625,1031
06048,1262,473,789
06049,1919,538,1381
06050,7137,2831,4306
06051,1814,790,1024
06052,8619,3422,5197
06053,647,299,348
06054,9159,3009,6150
06055,3880,1437,2443
06056,721,380,341
06057,834,266,568
06058,3737,1628,2109
06059,2862,1152,1710
06060,7456,2567,4889
06061,1774,855,919
06062,710,236,474
06063,5455,2247,3208
06064,2367,993,1374
06065,389,153,236
06066,2889,1024,1865
06067,3366,1296,2070
06068,781,332,449
06069,5211,1521,3690
06070,13745,5655,8090
06071,444,144,300
06072,4267,1559,2708
06073,1323,567,756
06074,8653,3927,4726
06075,635,311,324
06076,984,451,533
06077,282,142,140
06078,926,370,556
06079,853,302,551
06080,2018,801,1217
06081,2173,643,1530
06082,638,249,389
06083,87221,37837,49384
06084,2242,938,1304
06085,5545,2349,3196
06086,2645,1008,1637
06087,3275,1380,1895
06088,34116,14525,19591
06089,736,211,525
06090,1436,396,1040
06091,6656,2550,4106
06092,1020,287,733
06093,8129,3453,4676
06094,1229,420,809
06095,17223,7355,9868
06096,516,259,257
06097,3836,1706,2130
06098,1058,272,786
06099,2029,867,1162
06100,1028,433,595
06101,756,270,486
06102,1263,582,681
06103,9221,3705,5516
06104,1369,458,911
06105,1078,372,706
06106,1000,339,661
06107,2387,968,1419
06108,4572,1879,2693
06109,9808,3495,6313
06110,164,82,82
06111,464,147,317
06112,868,317,551
06113,5043,1607,3436
06114,276,83,193
06115,2010,702,1308
06116,2378,740,1638
06117,2919,828,2091
06118,277,160,117
06119,1156,312,844
06120,3714,1683,2031
06121,6695,2669,4026
06122,14163,4965,9198
06123,8342,2905,5437
06124,3253,1305,1948
06125,2067,762,1305
06126,2962,1153,1809
06127,4171,1564,2607
06128,6163,2690,3473
06129,1184,435,749
06130,187,65,122
06131,1171,527,644
06132,1707,720,987
06133,3603,1428,2175
06134,620,175,445
06135,2212,890,1322
06136,2697,1148,1549
06137,2007,927,1080
06138,1546,540,1006
06139,822,357,465
06140,1203,380,823
06141,2608,934,1674
06142,495,190,305
06143,4494,2116,2378
06144,687,227,460
06145,1761,619,1142
06146,2039,545,1494
06147,428,192,236
06148,1569,517,1052
06149,21969,7591,14378
06150,1379,588,791
06151,1843,501,1342
06152,1964,654,1310
06153,35365,14471,20894
06154,5395,2345,3050
06155,3908,1488,2420
06156,1476,717,759
06157,750,399,351
06158,23935,9957,13978
06159,3320,898,2422
06160,6621,2516,4105
06161,330,156,174
06162,4843,1906,2937
06901,3226,1414,1812
06902,2602,1254,1348
06903,0,0,0
07001,4334,2007,2327
07002,6862,3640,3222
07003,17132,9177,7955
07004,3862,1836,2026
07005,8514,4635,3879
07006,5612,3091,2521
07007,186,157,29
07008,6703,3096,3607
07009,839,451,388
07010,3949,1913,2036
07011,37718,18630,19088
07012,1854,1012,842
07013,7011,3962,3049
07014,8535,4599,3936
07015,20844,10635,10209
07016,2955,1527,1428
07017,948,421,527
07018,240,99,141
07019,50,20,30
07020,3134,1415,1719
07021,124,62,62
07022,18014,10869,7145
07023,2136,1089,1047
07024,5480,3098,2382
07025,169,85,84
07026,46366,25690,20676
07027,38749,21833,16916
07028,1099,537,562
07029,7147,4085,3062
07030,1835,961,874
07031,32383,16384,15999
07032,28801,15344,13457
07033,40550,22318,18232
07034,939,474,465
07035,1460,851,609
07036,26853,12252,14601
07037,3131,1557,1574
07038,2128,1191,937
07039,5670,3701,1969
07040,428810,225693,203117
07041,1967,1100,867
07042,11673,6212,5461
07043,3720,2147,1573
07044,11833,7796,4037
07045,1040,497,543
07046,19908,11672,8236
07047,2021,1018,1003
07048,15628,8251,7377
07049,1280,794,486
07050,2914,1450,1464
07051,4102,2128,1974
07052,4166,2102,2064
07053,961,545,416
07054,23576,11949,11627
07055,8815,5267,3548
07056,4916,2286,2630
07057,8408,4647,3761
07058,2870,1551,1319
07059,3372,2051,1321
07060,2593,1324,1269
07061,7379,4001,3378
07062,10459,5776,4683
07063,1049,490,559
07064,7671,3849,3822
07065,2533,1367,1166
07901,509,276,233
07902,661,380,281
08001,10647,4645,6002
08002,84,40,44
08003,5413,2390,3023
08004,133,68,65
08005,5464,2153,3311
08006,13055,6419,6636
08007,7630,3694,3936
08008,97,74,23
08009,9697,4503,5194
08010,5367,2656,2711
08011,1379,595,784
08012,1902,885,1017
08013,1430,806,624
08014,2178,1114,1064
08015,265516,145148,120368
08016,1984,1079,905
08017,4394,2127,2267
08018,3567,1695,1872
08019,1290257,664136,626121
08020,3885,1833,2052
08021,30,11,19
08022,17296,9049,8247
08023,7779,3511,4268
08024,313,164,149
08025,1458,757,701
08026,99,45,54
08027,596,254,342
08028,1911,821,1090
08029,2480,1146,1334
08030,3992,1771,2221
08031,3244,1841,1403
08032,1913,935,978
08033,15708,7614,8094
08034,668,388,280
08035,20886,11239,9647
08036,119,33,86
08037,1847,943,904
08038,1707,853,854
08039,369,124,245
08040,13625,6725,6900
08041,22651,13253,9398
08042,2590,1191,1399
08043,4803,2461,2342
08044,5176,2312,2864
08045,29,9,20
08046,15550,7158,8392
08047,3637,1635,2002
08048,796,408,388
08049,1130,566,564
08050,74,27,47
08051,22205,10708,11497
08052,78,26,52
08053,3754,1963,1791
08054,10003,4759,5244
08055,373,165,208
08056,52467,25800,26667
08057,51,18,33
08058,2118,1041,1077
08059,194,98,96
08060,88,38,50
08061,1987,900,1087
08062,914,325,589
08063,270,102,168
08064,1570,702,868
08065,1316,631,685
08066,1360,717,643
08067,7159,3402,3757
08068,7597,3653,3944
08069,2757,1261,1496
08070,221,121,100
08071,286,127,159
08072,11182,5412,5770
08073,95544,56250,39294
08074,15014,7068,7946
08075,4978,2247,2731
08076,24145,11924,12221
08077,39929,20544,19385
08078,165,91,74
08079,247,95,152
08080,9,9,0
08081,252,198,54
08082,1893,1047,846
08083,1137,399,738
08084,1273,551,722
08085,1202,625,577
08086,20780,10025,10755
08087,69,37,32
08088,12635,6065,6570
08089,44533,23087,21446
08090,140,45,95
08091,6062,3024,3038
08092,4694,2489,2205
08093,10,5,5
08094,1593,731,862
08095,67,47,20
08096,67036,35157,31879
08097,1010,471,539
08098,2903,1194,1709
08099,797,406,391
08100,1120,394,726
08101,268729,146432,122297
08102,42285,20523,21762
08103,648,281,367
08104,594,320,274
08105,16698,8167,8531
08106,9651,4668,4983
08107,13371,6127,7244
08108,5346,2401,2945
08109,127,66,61
08110,19878,10595,9283
08111,39,30,9
08112,26041,13206,12835
08113,81655,44950,36705
08114,32244,17772,14472
08115,5131,2495,2636
08116,552,274,278
08117,2831,963,1868
08118,17461,8281,9180
08119,8277,3686,4591
08120,3410,1641,1769
08121,160778,83123,77655
08122,2045,1167,878
08123,20781,9848,10933
08124,65588,34197,31391
08125,37295,19421,17874
08126,9238,4374,4864
08127,3015,1620,1395
08128,604,329,275
08129,465,257,208
08130,40,19,21
08131,1037,430,607
08132,200,50,150
08133,107,88,19
08134,952,518,434
08135,8922,4230,4692
08136,20313,10485,9828
08137,175,100,75
08138,3996,2007,1989
08139,211,131,80
08140,6035,2644,3391
08141,6130,3008,3122
08142,126,60,66
08143,3627,1586,2041
08144,866,385,481
08145,2825,1315,1510
08146,1372,707,665
08147,26018,12489,13529
08148,3522,1689,1833
08149,1013,340,673
08150,128,68,60
08151,426,123,303
08152,95,44,51
08153,465,265,200
08154,696,308,388
08155,9426,4548,4878
08156,12604,5604,7000
08157,9460,4314,5146
08158,3677,1905,1772
08159,17367,7941,9426
08160,273,125,148
08161,17078,8132,8946
08162,2747,1254,1493
08163,34831,18723,16108
08164,871,379,492
08165,2259,1027,1232
08166,1012,529,483
08167,8881,4097,4784
08168,700,389,311
08169,65176,32505,32671
08170,204,106,98
08171,2426,1099,1327
08172,30841,16166,14675
08174,450,219,231
08175,3649,1886,1763
08176,54,18,36
08177,26,9,17
08178,238,114,124
08179,737,386,351
08180,45599,23371,22228
08181,8642,3819,4823
08182,4492,2396,2096
08183,5702,2489,3213
08184,91426,45931,45495
08185,110,52,58
08187,230705,118756,111949
08188,63,44,19
08189,69,27,42
08190,162,97,65
08191,5699,2869,2830
08192,5955,2563,3392
08193,1203,557,646
08194,42044,22025,20019
08195,35,3,32
08196,27925,13357,14568
08197,6863,2802,4061
08198,4918,2370,2548
08199,1156,525,631
08200,92740,47056,45684
08201,311,138,173
08202,16992,8915,8077
08203,3369,1633,1736
08204,3104,1589,1515
08205,48420,23436,24984
08206,690,364,326
08207,1537,740,797
08208,4987,2165,2822
08209,7009,3193,3816
08210,5376,2882,2494
08211,40590,20551,20039
08212,275,137,138
08213,8198,3709,4489
08214,6334,2845,3489
08215,3104,1395,1709
08216,10,7,3
08217,27481,13722,13759
08218,11216,5701,5515
08219,14146,6866,7280
08220,1709,691,1018
08221,9268,4547,4721
08222,1844,800,1044
08223,2250,1219,1031
08224,1036,531,505
08225,73,26,47
08226,617,234,383
08227,2422,997,1425
08228,221,59,162
08229,310,137,173
08230,8363,3781,4582
08231,35565,18143,17422
08232,1986,1014,972
08233,2001,984,1017
08234,3649,1693,1956
08235,3311,1453,1858
08236,2498,1271,1227
08237,1770,785,985
08238,13320,5761,7559
08239,372,137,235
08240,8788,4208,4580
08241,12,8,4
08242,295,138,157
08243,114,30,84
08244,5724,2438,3286
08245,149314,85436,63878
08246,1803,856,947
08247,790,335,455
08248,6173,2812,3361
08249,252,111,141
08250,15061,7222,7839
08251,7944,4207,3737
08252,34946,17182,17764
08253,127,47,80
08254,1339,579,760
08255,55,17,38
08256,709,283,426
08257,129,76,53
08258,593,256,337
08259,8339,4672,3667
08260,27543,13192,14351
08261,2706,1277,1429
08262,11254,5731,5523
08263,32211,16289,15922
08264,3199,1294,1905
08265,1396,621,775
08266,56409,28139,28270
08267,8347,3890,4457
08268,938,485,453
08269,2726,1229,1497
08270,18152,8952,9200
08271,26,24,2
08272,90,47,43
08273,1846,868,978
08274,5916,2842,3074
08275,104,63,41
08276,190,74,116
08277,94,41,53
08278,5119,2446,2673
08279,257960,135839,122121
08280,51,26,25
08281,3375,1569,1806
08282,4565,2083,2482
08283,6897,3306,3591
08284,18777,9823,8954
08285,14825,6921,7904
08286,4475,1985,2490
08287,743,317,426
08288,3269,1627,1642
08289,4276,1994,2282
08290,1233,534,699
08291,6194,2905,3289
08292,1234,652,582
08293,175,104,71
08294,2270,1171,1099
08295,13938,6978,6960
08296,1395,637,758
08297,59,29,30
08298,47423,25146,22277
08299,557,310,247
08300,6873,3031,3842
08301,70241,34154,36087
08302,18311,8422,9889
08303,156,68,88
08304,632,318,314
08305,42678,23032,19646
08306,785,372,413
08307,76125,38442,37683
08308,107,24,83
08901,97,65,32
08902,3796,1502,2294
08903,76,56,20
08904,19484,10541,8943
08905,2326,1069,1257
09001,1,0,1
09003,159,81,78
09006,55,32,23
09007,24,8,16
09009,161,80,81
09010,12,12,0
09011,5,5,0
09012,28,25,3
09013,18,13,5
09014,52,41,11
09016,52,21,31
09017,77,47,30
09018,33309,14624,18685
09019,72,23,49
09020,151,77,74
09021,47,30,17
09022,6,2,4
09023,833,299,534
09024,150,45,105
09025,78,40,38
09026,216,106,110
09027,47,28,19
09029,78,53,25
09030,48,40,8
09032,59,22,37
09033,16,13,3
09034,126,68,58
09035,292,140,152
09036,59,45,14
09037,67,37,30
09038,89,70,19
09039,71,44,27
09041,3,0,3
09043,44,19,25
09044,6,1,5
09045,126,59,67
09046,0,0,0
09047,23,20,3
09048,1143,688,455
09050,15,7,8
09051,126,50,76
09052,0,0,0
09054,49,39,10
09055,45,27,18
09056,8659,4173,4486
09057,91,44,47
09058,352,147,205
09059,160829,73955,86874
09060,89,39,50
09061,28,19,9
09062,0,0,0
09063,183,54,129
09064,285,165,120
09065,60,31,29
09066,17,17,0
09067,454,245,209
09068,12,0,12
09070,27,21,6
09071,20,8,12
09072,210,86,124
09073,954,486,468
09074,901,409,492
09075,61,37,24
09076,4,4,0
09077,1,1,0
09078,6,0,6
09079,15,6,9
09082,5,0,5
09083,12,2,10
09084,142,97,45
09085,595,341,254
09086,319,151,168
09088,40,28,12
09090,31,24,7
09091,442,245,197
09093,72,24,48
09094,30,21,9
09095,41,24,17
09098,285,136,149
09100,10,10,0
09101,19,3,16
09102,44,28,16
09103,42,16,26
09104,1,0,1
09105,15,8,7
09108,322,151,171
09109,577,233,344
09110,59,47,12
09112,19,19,0
09113,373,250,123
09114,37,9,28
09115,54,39,15
09117,40,14,26
09119,53,27,26
09120,28,12,16
09122,38,19,19
09123,0,0,0
09124,1518,834,684
09125,290,145,145
09127,12,0,12
09128,60,22,38
09129,37,24,13
09130,56,43,13
09131,500,243,257
09132,68,54,14
09133,25,12,13
09134,238,150,88
09135,18,3,15
09136,158,97,61
09137,141,60,81
09138,16,13,3
09139,25,10,15
09140,115,60,55
09141,442,140,302
09143,0,0,0
09144,13,10,3
09148,27,11,16
09149,6,5,1
09151,393,237,156
09152,284,169,115
09154,99,43,56
09155,0,0,0
09159,20,5,15
09160,6,0,6
09162,41,9,32
09163,342,172,170
09164,99,47,52
09166,25,25,0
09167,8,8,0
09168,162,63,99
09169,67,42,25
09170,197,149,48
09172,16,0,16
09173,117,76,41
09174,560,305,255
09175,45,31,14
09176,45,26,19
09177,826,337,489
09178,13,6,7
09179,23,14,9
09180,17,3,14
09181,170,102,68
09182,29,6,23
09183,0,0,0
09184,12,0,12
09189,71,23,48
09190,47,26,21
09191,5,5,0
09192,45,38,7
09194,2128,1083,1045
09195,7,5,2
09196,41,35,6
09197,115,52,63
09198,58,31,27
09199,51,28,23
09200,24,9,15
09201,17,17,0
09202,0,0,0
09206,22,10,12
09208,187,151,36
09209,6109,3007,3102
09211,1104,561,543
09213,218,140,78
09214,527,309,218
09215,254,199,55
09216,328,199,129
09217,128,63,65
09218,292,131,161
09219,40927,20647,20280
09220,30,6,24
09221,479,197,282
09223,27,26,1
09224,90,67,23
09225,20,19,1
09226,16,13,3
09227,75,43,32
09228,80,19,61
09229,199,106,93
09230,0,0,0
09231,23,23,0
09232,67,33,34
09235,121,43,78
09236,0,0,0
09238,518,330,188
09239,25,0,25
09241,157,93,64
09242,46,19,27
09243,15,15,0
09244,26,26,0
09246,417,233,184
09247,68,18,50
09248,35,23,12
09249,4,2,2
09250,149,82,67
09251,285,108,177
09253,43,23,20
09255,61,25,36
09256,279,176,103
09257,42,23,19
09258,79,56,23
09259,47,34,13
09261,366,235,131
09262,45,35,10
09265,22,20,2
09266,10,9,1
09267,32,18,14
09268,57,43,14
09269,31,19,12
09270,28,16,12
09272,141,72,69
09273,56,11,45
09274,1352,638,714
09275,125,80,45
09276,299,142,157
09277,44,36,8
09279,149,79,70
09280,12,12,0
09281,113,30,83
09283,36,13,23
09287,161,53,108
09288,41,12,29
09289,2009,1078,931
09292,66,43,23
09294,61,30,31
09295,12,12,0
09297,224,157,67
09298,15,4,11
09301,525,207,318
09302,6,5,1
09303,0,0,0
09304,88,47,41
09306,16,15,1
09307,115,53,62
09308,27,17,10
09309,350,164,186
09310,0,0,0
09311,25,19,6
09312,72,51,21
09314,74,48,26
09315,303,117,186
09316,44,14,30
09317,0,0,0
09318,13,13,0
09321,2132,1206,926
09323,24,12,12
09325,42,29,13
09326,142,60,82
09327,10,1,9
09328,8,8,0
09329,97,44,53
09330,1672,896,776
09332,153,59,94
09334,26,18,8
09335,14,12,2
09337,127,100,27
09338,149,80,69
09339,91,77,14
09340,12,12,0
09343,112,81,31
09345,38,29,9
09346,77,24,53
09347,99,57,42
09348,123,44,79
09350,356,187,169
09351,1,1,0
09352,25,16,9
09353,49,29,20
09354,3,3,0
09355,44,24,20
09356,25,25,0
09358,116,81,35
09360,2,2,0
09361,7,2,5
09362,166,91,75
09363,406,237,169
09365,15,15,0
09366,16,9,7
09368,0,0,0
09369,417,248,169
09372,187,67,120
09373,179,105,74
09374,0,0,0
09375,29,5,24
09377,428,175,253
09378,1,0,1
09380,6,1,5
09381,0,0,0
09382,0,0,0
09384,183,97,86
09386,37,18,19
09387,47,21,26
09388,6,6,0
09389,38,31,7
09390,279,148,131
09391,237,152,85
09392,12,12,0
09394,575,372,203
09395,23,8,15
09396,81,53,28
09398,16,8,8
09400,176,95,81
09403,26,26,0
09405,40,26,14
09406,245,96,149
09407,8,8,0
09408,0,0,0
09409,139,89,50
09410,2847,1607,1240
09411,79,42,37
09412,782,483,299
09413,359,233,126
09414,19,6,13
09415,135,54,81
09416,109,39,70
09417,4,1,3
09418,18,6,12
09419,30,22,8
09421,202,99,103
09422,4,4,0
09423,38,26,12
09424,0,0,0
09425,383,192,191
09427,817,485,332
09428,7,0,7
09429,34,19,15
09430,0,0,0
09431,69,42,27
09432,74,51,23
09433,10,7,3
09434,1085,419,666
09437,117,60,57
09438,241,111,130
09439,825,323,502
09440,22,5,17
09441,27,9,18
09442,295,179,116
09443,72,30,42
09444,12,12,0
09445,9,7,2
09446,0,0,0
09447,19,19,0
09448,63,47,16
09449,73,39,34
09450,4,0,4
09451,205,62,143
09454,15,15,0
09455,3,0,3
09456,89,42,47
09458,367,130,237
09460,88,42,46
09463,132,97,35
09464,43,20,23
09466,47,40,7
09467,22,17,5
09471,116,63,53
09472,14,14,0
09473,22,19,3
09476,2,0,2
09478,5,5,0
09480,0,0,0
09482,4,4,0
09483,142,74,68
09485,0,0,0
09901,274,116,158
09902,195,125,70
09903,5464,2895,2569
09904,258,138,120
09905,261,119,142
09906,664,306,358
09907,2121,1063,1058
09908,369,202,167
10001,443,224,219
10002,543,254,289
10003,843,353,490
10004,561,275,286
10005,832,458,374
10006,1515,823,692
10007,685,377,308
10008,1623,680,943
10009,447,220,227
10010,3606,1459,2147
10011,796,336,460
10012,950,378,572
10013,440,159,281
10014,2064,1000,1064
10015,1100,479,621
10016,560,302,258
10017,854,277,577
10018,2574,1054,1520
10019,1484,640,844
10020,1849,884,965
10021,11092,5244,5848
10022,376,214,162
10023,935,548,387
10024,658,365,293
10025,332,166,166
10026,763,364,399
10027,133,65,68
10028,129,62,67
10029,474,182,292
10030,366,166,200
10031,253,107,146
10032,2302,974,1328
10033,492,237,255
10034,232,101,131
10035,1788,1033,755
10036,313,176,137
10037,112709,49353,63356
10038,72,46,26
10039,589,299,290
10040,501,282,219
10041,1618,887,731
10042,86,40,46
10043,1077,410,667
10044,2141,986,1155
10045,1452,749,703
10046,241,63,178
10047,1890,948,942
10048,130,69,61
10049,6244,3156,3088
10050,1122,633,489
10051,371,267,104
10052,228,100,128
10053,677,333,344
10054,503,224,279
10055,1041,542,499
10056,803,467,336
10057,199,127,72
10058,1751,739,1012
10059,421,219,202
10060,1269,774,495
10061,2399,1508,891
10062,281,131,150
10063,183,71,112
10064,1799,809,990
10065,208,121,87
10066,270,109,161
10067,19690,9522,10168
10068,1144,544,600
10069,1098,501,597
10070,667,289,378
10071,126,61,65
10072,1006,652,354
10073,1250,574,676
10075,475,294,181
10076,2685,1182,1503
10077,979,332,647
10078,526,316,210
10079,884,553,331
10080,500,235,265
10081,194,80,114
10082,3818,2023,1795
10083,196,90,106
10084,2038,1078,960
10085,505,213,292
10086,398,173,225
10087,2618,1273,1345
10088,301,149,152
10089,2246,1218,1028
10090,733,415,318
10091,541,205,336
10092,394,175,219
10093,598,254,344
10094,210,61,149
10095,503,207,296
10096,6033,2555,3478
10097,33,22,11
10098,453,238,215
10099,642,377,265
10100,1322,452,870
10101,397,146,251
10102,719,342,377
10103,526,276,250
10104,7074,3607,3467
10105,2939,1435,1504
10106,226,123,103
10107,1234,726,508
10108,140,105,35
10109,2295,1124,1171
10110,2141,959,1182
10111,2281,1307,974
10112,2334,851,1483
10113,4975,2704,2271
10114,1117,623,494
10115,6022,2738,3284
10116,6719,3049,3670
10117,230,142,88
10118,260,100,160
10119,747,191,556
10120,228,95,133
10121,12977,5050,7927
10122,302,156,146
10123,869,350,519
10124,1043,657,386
10125,1437,493,944
10126,2211,997,1214
10127,7984,3656,4328
10128,12505,6436,6069
10129,649,307,342
10130,1938,982,956
10131,21347,9037,12310
10132,649,321,328
10133,2527,1282,1245
10134,634,243,391
10135,1762,1028,734
10136,391,224,167
10137,466,258,208
10138,786,414,372
10139,143,88,55
10140,1752,796,956
10141,325,196,129
10142,1192,533,659
10143,142,65,77
10144,1315,812,503
10145,194,81,113
10146,1501,733,768
10147,959,449,510
10148,53379,25464,27915
10149,721,330,391
10150,374,177,197
10151,423,190,233
10152,561,306,255
10153,317,151,166
10154,254,113,141
10155,1490,863,627
10156,128,69,59
10157,340,194,146
10158,453,279,174
10159,392,172,220
10160,110,91,19
10161,126,56,70
10162,727,280,447
10163,356,171,185
10164,783,408,375
10165,359,157,202
10166,533,234,299
10167,261,142,119
10168,329,146,183
10169,441,229,212
10170,299,129,170
10171,368,216,152
10172,1045,581,464
10173,1209,420,789
10174,450,214,236
10175,2374,1229,1145
10176,462,179,283
10177,3496,1484,2012
10178,883,380,503
10179,287,178,109
10180,8954,4370,4584
10181,779,330,449
10182,239,65,174
10183,915,510,405
10184,828,387,441
10185,753,424,329
10186,1268,569,699
10187,499,316,183
10188,924,462,462
10189,4899,2255,2644
10190,858,372,486
10191,783,449,334
10192,1211,588,623
10193,3183,1124,2059
10194,969,341,628
10195,11976,5804,6172
10196,403,199,204
10197,188,97,91
10198,1582,700,882
10199,224,123,101
10200,342,175,167
10201,299,111,188
10202,953,448,505
10203,7354,3170,4184
10204,522,247,275
10205,3143,1684,1459
10206,209,71,138
10207,625,398,227
10208,170,83,87
10209,496,247,249
10210,566,230,336
10211,505,250,255
10212,2332,1172,1160
10213,556,237,319
10214,223,93,130
10215,572,284,288
10216,2486,1097,1389
10217,574,287,287
10218,1146,651,495
10219,2197,689,1508
10901,1722,824,898
10902,0,0,0
10903,0,0,0
11001,10706,4886,5820
11002,4393,3151,1242
11003,2358,1013,1345
11004,188868,84662,104206
11005,7655,4422,3233
11006,68151,34581,33570
11007,55339,26167,29172
11008,35291,15578,19713
11009,1270,712,558
11010,11493,7580,3913
11011,3318,1687,1631
11012,186851,82731,104120
11013,5248,2236,3012
11014,33705,17195,16510
11015,149184,71108,78076
11016,37623,17862,19761
11017,5593,3966,1627
11018,2492,1834,658
11019,3204,1513,1691
11020,369338,170383,198955
11021,16036,7933,8103
11022,121807,58576,63231
11023,27597,12911,14686
11024,7744,4488,3256
11025,13880,7334,6546
11026,12539,6054,6485
11027,134655,59179,75476
11028,70288,30428,39860
11029,7280,5118,2162
11030,42969,19037,23932
11031,147616,61991,85625
11032,133997,66826,67171
11033,48171,23018,25153
11034,3152,2147,1005
11035,28455,11840,16615
11036,648,445,203
11037,11023,6326,4697
11038,35060,14527,20533
11039,29157,13935,15222
11040,568,286,282
11041,23591,14284,9307
11042,1650,1005,645
11901,16988,8815,8173
11902,7365,4263,3102
12001,980,579,401
12002,79,59,20
12003,887,487,400
12004,8939,5687,3252
12005,14615,7168,7447
12006,293,181,112
12007,956,569,387
12008,216,85,131
12009,35002,19209,15793
12010,233,106,127
12011,5029,2894,2135
12012,4956,2896,2060
12013,72,42,30
12014,82,48,34
12015,117,95,22
12016,1581,822,759
12017,271,130,141
12018,312,204,108
12020,118,57,61
12021,5266,2719,2547
12022,228,150,78
12024,275,156,119
12025,88,57,31
12026,749,350,399
12027,28189,15009,13180
12028,15114,7721,7393
12029,1188,796,392
12031,6005,3252,2753
12032,43110,23579,19531
12033,3046,1764,1282
12034,2003,1190,813
12036,645,370,275
12037,20,12,8
12038,73,33,40
12039,1204,713,491
12040,235077,128576,106501
12041,56,50,6
12042,228,135,93
12043,685,392,293
12044,368,219,149
12045,269,153,116
12046,195,149,46
12048,218,110,108
12049,605,368,237
12050,1747,1041,706
12051,212,89,123
12052,447,197,250
12053,2717,1635,1082
12055,78,66,12
12056,359,178,181
12057,728,399,329
12058,104,46,58
12059,315,193,122
12060,879,427,452
12061,209,122,87
12063,82,65,17
12064,95,69,26
12065,126,109,17
12067,928,553,375
12068,12,10,2
12069,38,31,7
12070,398,319,79
12071,1534,948,586
12072,1488,833,655
12073,98,41,57
12074,734,391,343
12075,123,46,77
12076,180,135,45
12077,5279,2994,2285
12078,361,244,117
12079,382,172,210
12080,1504,808,696
12081,1035,546,489
12082,12298,7117,5181
12083,41,17,24
12084,37692,19590,18102
12085,15372,9744,5628
12087,26,0,26
12088,62,50,12
12089,6865,3668,3197
12090,92,47,45
12091,75,45,30
12092,71,38,33
12093,254,162,92
12094,1313,770,543
12095,1868,765,1103
12096,1224,618,606
12097,12,9,3
12098,538,300,238
12099,830,511,319
12100,2006,1193,813
12101,610,319,291
12102,733,422,311
12103,72,44,28
12104,9949,5037,4912
12105,612,367,245
12106,1764,901,863
12107,381,183,198
12108,816,501,315
12109,1346,727,619
12110,188,167,21
12111,211,151,60
12112,81,45,36
12113,160,77,83
12114,181,127,54
12115,202,93,109
12116,20,16,4
12117,6716,4255,2461
12118,157,129,28
12119,56,37,19
12120,139,92,47
12121,1246,738,508
12122,1154,571,583
12123,74,30,44
12124,3173,1801,1372
12125,227,149,78
12126,45929,26627,19302
12127,63,46,17
12128,2046,1149,897
12129,2008,897,1111
12130,154,85,69
12131,60,33,27
12132,422,245,177
12133,82,42,40
12134,81,23,58
12135,69889,37508,32381
12136,1922,961,961
12137,29,17,12
12138,31801,17454,14347
12139,330,212,118
12140,1623,976,647
12141,69,32,37
12142,44,19,25
12901,3696,1792,1904
12902,4332,2213,2119
13001,2237,893,1344
13002,1871,920,951
13003,730,407,323
13004,1924,949,975
13005,36937,17556,19381
13006,931,423,508
13007,2511,1380,1131
13008,568,126,442
13009,1868,885,983
13010,1877,763,1114
13011,8453,4217,4236
13012,645,301,344
13013,10763,4958,5805
13014,677,278,399
13015,6655,3022,3633
13016,741,256,485
13017,244,110,134
13018,2100,833,1267
13019,10524,4495,6029
13020,6717,3306,3411
13021,636,274,362
13022,847,453,394
13023,14527,5452,9075
13024,1398,722,676
13025,500,167,333
13026,477,194,283
13027,6343,3185,3158
13028,18025,9092,8933
13029,93,71,22
13030,231,103,128
13031,4417,2044,2373
13032,2522,1246,1276
13033,2457,918,1539
13034,83789,38434,45355
13035,1602,728,874
13036,1140,609,531
13037,1264,499,765
13038,2166,1192,974
13039,29673,13719,15954
13040,1542,878,664
13041,426,223,203
13042,1906,920,986
13043,211,68,143
13044,7091,2694,4397
13045,1232,419,813
13046,1272,663,609
13047,14079,7318,6761
13048,844,401,443
13049,1436,601,835
13050,1014,528,486
13051,659,310,349
13052,12541,5841,6700
13053,20243,8967,11276
13054,5074,2342,2732
13055,1214,525,689
13056,18525,8808,9717
13057,2060,890,1170
13058,7053,3013,4040
13059,299,145,154
13060,174,87,87
13061,11186,5703,5483
13062,919,407,512
13063,6333,3240,3093
13064,2405,1008,1397
13065,5815,2798,3017
13066,4691,1956,2735
13067,765,256,509
13068,1673,754,919
13069,1177,582,595
13070,1155,425,730
13071,70132,30197,39935
13072,922,480,442
13073,1135,449,686
13074,1471,570,901
13075,183,98,85
13076,1211,493,718
13077,5103,2462,2641
13078,15135,7735,7400
13079,23353,9353,14000
13080,538,222,316
13081,1752,763,989
13082,55411,26999,28412
13083,3551,1728,1823
13084,968,391,577
13085,4155,1901,2254
13086,268,198,70
13087,35570,15499,20071
13088,1226,477,749
13089,1906,930,976
13090,2025,656,1369
13091,590,299,291
13092,3955,1678,2277
13093,5194,2296,2898
13094,293,75,218
13095,91,65,26
13096,17123,8107,9016
13097,4190,1672,2518
13098,2172,974,1198
13901,1605,930,675
13902,1135,499,636
13903,766,373,393
13904,1014,361,653
14001,3143,1929,1214
14002,12361,7788,4573
14003,1655,840,815
14004,1677,842,835
14005,11279,6392,4887
14006,2057,904,1153
14007,18536,10184,8352
14008,4717,1850,2867
14009,5053,2530,2523
14010,3775,2485,1290
14011,1241,469,772
14012,6351,3486,2865
14013,20984,10392,10592
14014,1828,1028,800
14015,2016,1049,967
14016,1588,717,871
14017,15490,8340,7150
14018,5112,2573,2539
14019,5536,3008,2528
14020,342,165,177
14021,483874,215388,268486
14022,3251,1693,1558
14023,2810,1158,1652
14024,2354,1437,917
14025,1810,976,834
14026,3143,1056,2087
14027,11046,6311,4735
14028,578,256,322
14029,9697,3695,6002
14030,9068,5499,3569
14031,483,233,250
14032,787,340,447
14033,1654,895,759
14034,480,271,209
14035,11840,4387,7453
14036,3654,2105,1549
14037,2305,1422,883
14038,55622,27575,28047
14039,2218,1165,1053
14040,1814,1035,779
14041,3460,2079,1381
14042,27541,12082,15459
14043,11690,6520,5170
14044,1319,738,581
14045,3679,2134,1545
14046,3004,1935,1069
14047,2033,991,1042
14048,1105,695,410
14049,17262,9253,8009
14050,3302,1709,1593
14051,1838,781,1057
14052,20988,9471,11517
14053,7676,4159,3517
14054,19796,8272,11524
14055,22388,11426,10962
14056,38676,19949,18727
14057,7365,3700,3665
14058,7481,4076,3405
14059,669,415,254
14060,4273,2854,1419
14061,1041,405,636
14062,1308,621,687
14063,448,197,251
14064,458,142,316
14065,2065,1172,893
14066,8525,4750,3775
14067,5300,2529,2771
14068,937,467,470
14069,8329,4361,3968
14070,1555,595,960
14071,1824,769,1055
14072,817,433,384
14073,4193,1928,2265
14074,2611,1379,1232
14075,337,210,127
15001,4582,2296,2286
15002,31798,14364,17434
15003,1205,728,477
15004,5790,2618,3172
15005,36536,18150,18386
15006,5125,2641,2484
15007,4098,2223,1875
15008,5910,2950,2960
15009,12770,5872,6898
15010,1674,869,805
15011,18711,9782,8929
15012,3357,1647,1710
15013,6317,3295,3022
15014,5068,2628,2440
15015,2895,1429,1466
15016,7739,3470,4269
15017,23196,10864,12332
15018,1139,580,559
15019,44771,20509,24262
15020,4512,1996,2516
15021,4846,2325,2521
15022,6133,2901,3232
15023,9240,4036,5204
15024,4558,1979,2579
15025,1014,538,476
15026,1396,940,456
15027,955,545,410
15028,1760,838,922
15029,9407,5054,4353
15030,247089,113624,133465
15031,28871,13628,15243
15032,2860,1496,1364
15033,3473,1557,1916
15034,3658,1777,1881
15035,14579,6628,7951
15036,85922,36244,49678
15037,5481,2267,3214
15038,1619,850,769
15039,1008,626,382
15040,4041,1958,2083
15041,11783,5821,5962
15042,3318,1972,1346
15043,5675,2773,2902
15044,913,436,477
15045,3919,2470,1449
15046,7332,3258,4074
15047,1910,1027,883
15048,4941,2444,2497
15049,759,340,419
15050,1296,825,471
15051,6087,3050,3037
15052,5510,2393,3117
15053,8923,4710,4213
15054,42124,17655,24469
15055,5702,2770,2932
15056,8033,3873,4160
15057,14052,6499,7553
15058,26669,12490,14179
15059,13187,6261,6926
15060,6137,2421,3716
15061,4400,2124,2276
15062,6581,3443,3138
15063,2512,1195,1317
15064,1890,840,1050
15065,10207,4870,5337
15066,4009,2045,1964
15067,8336,4187,4149
15068,5774,2974,2800
15069,8144,3895,4249
15070,11749,6361,5388
15071,8081,4429,3652
15072,12264,6571,5693
15073,23714,10419,13295
15074,5042,2586,2456
15075,13093,6243,6850
15076,2722,1363,1359
15077,10229,5252,4977
15078,98054,44686,53368
15079,1405,615,790
15080,1382,764,618
15081,1127,579,548
15082,16464,8134,8330
15083,1260,598,662
15084,2620,1378,1242
15085,3370,1724,1646
15086,2575,1276,1299
15087,6800,2982,3818
15088,3768,2132,1636
15089,4261,2226,2035
15090,723,334,389
15091,894,522,372
15092,7454,3588,3866
15093,5027,2895,2132
15901,3632,1882,1750
16001,15,12,3
16002,240,139,101
16003,241,150,91
16004,147,77,70
16005,273,110,163
16006,79,27,52
16007,1108,522,586
16008,32,11,21
16009,62,31,31
16010,96,34,62
16011,21,10,11
16012,67,39,28
16013,11,11,0
16014,487,245,242
16015,506,283,223
16016,133,89,44
16017,362,142,220
16018,433,177,256
16019,58,35,23
16020,23,11,12
16022,53,27,26
16023,722,462,260
16024,94,33,61
16025,9,6,3
16026,66,3,63
16027,1059,543,516
16029,85,55,30
16030,0,0,0
16031,1,1,0
16032,417,160,257
16033,2344,852,1492
16034,77,28,49
16035,142,70,72
16036,179,111,68
16038,2,2,0
16039,552,310,242
16040,80,69,11
16041,398,203,195
16042,1682,765,917
16043,78,26,52
16044,21,11,10
16045,318,108,210
16046,235,122,113
16047,59,30,29
16048,522,185,337
16049,26,1,25
16050,333,143,190
16051,149,101,48
16052,614,312,302
16053,443,136,307
16055,692,379,313
16056,518,267,251
16057,22,12,10
16058,42,21,21
16060,643,341,302
16061,995,449,546
16062,10,7,3
16063,42,36,6
16064,625,233,392
16065,198,105,93
16066,2548,1266,1282
16067,136,78,58
16068,145,103,42
16070,2,1,1
16071,14,6,8
16072,206,100,106
16073,344,165,179
16074,25,11,14
16078,53653,27884,25769
16079,2,2,0
16081,70,66,4
16082,443,285,158
16083,10,5,5
16084,20,20,0
16085,165,109,56
16086,1157,500,657
16087,138,64,74
16088,73,23,50
16089,400,253,147
16091,74,64,10
16092,183,79,104
16093,75,12,63
16094,112,42,70
16095,55,34,21
16096,375,204,171
16097,123,45,78
16098,579,241,338
16099,151,82,69
16100,788,211,577
16101,190,126,64
16102,1268,636,632
16103,158,43,115
16104,49,20,29
16106,6004,3086,2918
16107,55,35,20
16108,54,42,12
16109,36,26,10
16110,6,1,5
16111,190,69,121
16112,2270,1108,1162
16113,3591,1635,1956
16115,29,1,28
16116,29,21,8
16117,1043,487,556
16118,2314,1023,1291
16119,149,59,90
16121,248,86,162
16122,178,84,94
16123,38,33,5
16124,3558,1323,2235
16125,2787,1301,1486
16126,1480,518,962
16128,42,32,10
16129,39,21,18
16130,939,474,465
16131,102,68,34
16132,30,20,10
16133,6518,2912,3606
16134,7041,3334,3707
16135,74,46,28
16137,88,39,49
16139,189,129,60
16140,3,3,0
16141,130,70,60
16142,133,71,62
16143,10,10,0
16145,551,188,363
16146,35,17,18
16147,88,52,36
16148,573,222,351
16149,84,25,59
16150,110,41,69
16151,34,33,1
16152,30,23,7
16153,1492,671,821
16154,6787,3220,3567
16155,428,298,130
16156,88,28,60
16157,307,141,166
16158,804,384,420
16159,180,100,80
16160,1,1,0
16161,4,4,0
16162,24,21,3
16163,52,31,21
16165,21,21,0
16166,200,88,112
16167,335,202,133
16169,15,7,8
16170,1145,571,574
16171,2344,1236,1108
16172,101,48,53
16173,144,103,41
16174,185,89,96
16175,12342,5943,6399
16176,28,15,13
16177,73,43,30
16181,45,21,24
16185,40,25,15
16186,879,446,433
16187,40,19,21
16188,46,21,25
16189,211,76,135
16190,6257,3238,3019
16191,748,335,413
16192,22,12,10
16193,42,18,24
16194,351,180,171
16195,250,97,153
16196,745,278,467
16197,18,3,15
16198,1938,844,1094
16199,9,0,9
16202,946,378,568
16203,19919,9255,10664
16204,190,100,90
16205,43,17,26
16206,146,114,32
16209,47,17,30
16211,197,102,95
16212,221,87,134
16213,47,35,12
16215,226,97,129
16216,229,154,75
16217,71,28,43
16218,178,104,74
16219,55,15,40
16224,63,29,34
16225,54,24,30
16227,70,34,36
16228,187,99,88
16231,48,46,2
16234,14,8,6
16236,1286,714,572
16237,137,57,80
16238,758,393,365
16239,89,37,52
16240,35,35,0
16242,292,146,146
16243,337,143,194
16244,1235,413,822
16245,300,139,161
16246,365,250,115
16247,40,30,10
16248,1240,494,746
16249,3474,1985,1489
16250,43,41,2
16251,2375,999,1376
16253,373,225,148
16254,354,109,245
16255,113,56,57
16258,239,185,54
16259,0,0,0
16263,981,552,429
16264,368,202,166
16265,1,1,0
16266,140,58,82
16269,318,173,145
16270,224,129,95
16271,807,425,382
16272,109,72,37
16273,178,109,69
16274,91,42,49
16275,0,0,0
16276,26,13,13
16277,44,24,20
16278,8,0,8
16279,312,166,146
16280,183,134,49
16901,443,173,270
16902,20,11,9
16903,2176,653,1523
16904,282,132,150
16905,1137,450,687
16906,17,13,4
16908,223,120,103
16909,399,174,225
16910,44,34,10
17001,468,274,194
17002,354,150,204
17003,95,41,54
17004,579,272,307
17005,473,243,230
17006,809,467,342
17007,1452,746,706
17008,5043,2935,2108
17009,5547,3218,2329
17010,369,143,226
17011,453,215,238
17012,1060,435,625
17013,2727,1646,1081
17014,92,37,55
17015,13643,7822,5821
17016,520,238,282
17018,452,214,238
17019,1368,637,731
17020,2783,1377,1406
17021,89,50,39
17022,12959,7314,5645
17023,45742,23981,21761
17024,131,56,75
17025,1219,579,640
17026,464,240,224
17027,3209,1642,1567
17028,184,99,85
17029,198,70,128
17030,767,492,275
17031,177,80,97
17032,1260,758,502
17033,6384,3194,3190
17034,9886,5456,4430
17035,259,125,134
17036,2144,911,1233
17037,59,35,24
17038,291,172,119
17039,1541,771,770
17040,274,167,107
17041,159,74,85
17042,394,239,155
17043,56,38,18
17044,7735,4218,3517
17046,657,348,309
17047,10549,5763,4786
17048,8120,4442,3678
17049,3384,1799,1585
17050,471,215,256
17051,198,103,95
17052,40,34,6
17054,316,168,148
17055,39,19,20
17056,1137,458,679
17057,965,518,447
17058,139,68,71
17060,297,190,107
17061,85,26,59
17062,7700,4292,3408
17063,37,8,29
17064,138,80,58
17065,260,128,132
17066,52041,29572,22469
17067,1016,534,482
17068,106,77,29
17069,159,61,98
17070,79,47,32
17071,536,232,304
17073,1020,400,620
17074,432,237,195
17075,232,118,114
17076,80,12,68
17077,556,310,246
17078,134,80,54
17079,86937,46018,40919
17080,99,51,48
17081,286,180,106
17082,220,85,135
17083,4090,2150,1940
17084,82,61,21
17085,181,96,85
17086,3060,1870,1190
17087,146,78,68
17088,383,166,217
17089,8245,4667,3578
17090,341,193,148
17091,184,108,76
17092,3845,2002,1843
17093,733,411,322
17094,702,380,322
17095,32040,17228,14812
17096,102,62,40
17097,138,48,90
17098,235,144,91
17099,37,1,36
17100,184,150,34
17101,823,395,428
17102,348,202,146
17103,8294,4420,3874
17105,164,92,72
17106,74,40,34
17107,171,68,103
17109,576,347,229
17110,1447,808,639
17111,632,306,326
17112,128,68,60
17114,26983,14472,12511
17115,240,114,126
17116,444,230,214
17117,26469,15078,11391
17118,18657,9708,8949
17119,39,11,28
17120,806,407,399
17121,134,49,85
17123,137,67,70
17124,1342,722,620
17125,17,16,1
17126,236,110,126
17128,301,157,144
17129,169,85,84
17130,140,60,80
17132,703,319,384
17133,934,450,484
17134,154,79,75
17135,407,188,219
17136,161,77,84
17137,2200,1134,1066
17138,648,308,340
17139,848,395,453
17140,495,307,188
17141,6025,3365,2660
17142,2153,1020,1133
17143,89,57,32
17144,248,165,83
17145,1114,588,526
17146,4405,1921,2484
17147,9860,4866,4994
17148,1788,884,904
17149,239,77,162
17150,1160,552,608
17151,109,36,73
17152,17159,9621,7538
17153,116,76,40
17154,113,61,52
17155,43342,26424,16918
17157,27,15,12
17158,352,182,170
17159,682,349,333
17160,23408,13320,10088
17161,734,394,340
17162,77,66,11
17163,1420,663,757
17164,4291,2165,2126
17165,464,270,194
17166,393,236,157
17167,2448,1238,1210
17168,356,180,176
17169,2239,1210,1029
17170,123,55,68
17171,109,44,65
17172,186,126,60
17173,162,96,66
17174,79,48,31
17175,1031,563,468
17176,119,97,22
17177,420,215,205
17178,1922,1132,790
17180,10688,5520,5168
17181,3634,1901,1733
17182,283,156,127
17183,190,91,99
17184,633,214,419
17185,1693,866,827
17186,3455,1726,1729
17187,502,263,239
17188,133,54,79
17189,1555,926,629
17190,605,318,287
17191,51,27,24
17192,35,33,2
17193,5390,2709,2681
17194,74,52,22
17195,192,93,99
17196,140,80,60
17197,108,74,34
17198,604,272,332
17199,9162,5042,4120
17200,483,246,237
17201,44,32,12
17202,3632,1875,1757
17203,117,57,60
17204,1254,694,560
17205,117,71,46
17206,42,22,20
17207,1460,714,746
17208,626,342,284
17209,692,297,395
17210,447,236,211
17211,741,437,304
17212,84,45,39
17213,6827,3435,3392
17214,583,263,320
17215,1222,491,731
17216,86,57,29
17217,263,138,125
17218,409,195,214
17220,599,387,212
17221,4119,1937,2182
17222,68,37,31
17223,715,365,350
17224,212,116,96
17225,303,152,151
17226,949,479,470
17227,69,46,23
17228,207,93,114
17230,464,243,221
17232,57,39,18
17233,1582,797,785
17234,170,141,29
17901,869,439,430
17902,1171,567,604
17903,1096,619,477
18001,297,120,177
18002,290,203,87
18003,22305,11414,10891
18004,706,447,259
18005,274,187,87
18006,8793,5583,3210
18007,646,418,228
18010,461,244,217
18011,7153,4160,2993
18012,1064,794,270
18013,5447,3424,2023
18014,11304,5751,5553
18015,249,191,58
18016,261,174,87
18017,38063,20292,17771
18018,883,522,361
18020,1411,850,561
18021,33697,16527,17170
18022,23942,12542,11400
18023,22239,11228,11011
18024,1060,544,516
18025,487,392,95
18027,4903,2809,2094
18028,751,460,291
18029,1773,1130,643
18030,565,342,223
18032,524,276,248
18033,408,171,237
18034,430,252,178
18035,1324,813,511
18036,4883,2404,2479
18037,747,474,273
18038,965,635,330
18039,3982,1979,2003
18040,438,276,162
18042,645,319,326
18043,226,157,69
18044,47,33,14
18045,950,570,380
18046,1569,856,713
18047,10937,5700,5237
18048,4532,2303,2229
18049,765,434,331
18050,2394,1537,857
18051,1315,890,425
18053,1309,816,493
18054,1300,688,612
18056,2988,1528,1460
18057,9429,4492,4937
18059,7297,4501,2796
18061,1193,642,551
18062,18739,9358,9381
18063,1328,1023,305
18064,171,142,29
18066,3122,1943,1179
18067,775,486,289
18068,1867,960,907
18069,400,273,127
18070,328,229,99
18071,10755,6023,4732
18072,797,469,328
18074,233,126,107
18076,666,433,233
18078,640,331,309
18079,6440,3960,2480
18082,1118,549,569
18083,170,68,102
18084,5876,3114,2762
18085,666,469,197
18086,468,247,221
18087,318409,153886,164523
18088,1836,1102,734
18089,21924,11171,10753
18093,5379,3207,2172
18094,3122,1868,1254
18095,3662,2115,1547
18096,421,299,122
18097,750,488,262
18098,7878,3865,4013
18099,2401,1063,1338
18100,9519,5989,3530
18101,12718,6251,6467
18102,7701,5092,2609
18103,792,488,304
18105,7982,4163,3819
18107,1445,882,563
18108,1183,595,588
18109,824,402,422
18111,3729,1939,1790
18112,120,83,37
18114,772,335,437
18115,4162,2538,1624
18116,5037,3031,2006
18117,622,360,262
18119,1808,1250,558
18120,377,225,152
18121,63,60,3
18122,22512,12115,10397
18123,208,134,74
18124,334,211,123
18126,2982,2069,913
18127,30146,15334,14812
18128,358,175,183
18132,3415,2423,992
18133,2882,1942,940
18134,9297,4462,4835
18135,3624,2012,1612
18136,1542,908,634
18137,721,476,245
18138,2626,1646,980
18140,86471,47700,38771
18141,417,309,108
18143,1150,653,497
18144,1007,492,515
18145,14999,7357,7642
18146,708,342,366
18147,7547,4258,3289
18148,1145,713,432
18149,6901,3443,3458
18150,12283,7191,5092
18151,460,287,173
18152,557,286,271
18153,14453,7364,7089
18154,1267,727,540
18157,1356,643,713
18158,17696,11173,6523
18159,1088,604,484
18161,242,152,90
18162,1443,899,544
18163,278,115,163
18164,1898,998,900
18165,8386,4643,3743
18167,3596,1983,1613
18168,1275,835,440
18170,365,229,136
18171,2444,1754,690
18173,17472,9966,7506
18174,487,256,231
18175,20994,11091,9903
18176,263,121,142
18177,310,174,136
18178,582,357,225
18179,599,357,242
18180,652,339,313
18181,200,153,47
18182,2786,1579,1207
18183,607,361,246
18184,3702,2416,1286
18185,637,365,272
18187,550,390,160
18188,1600,1016,584
18189,732,383,349
18192,1973,1394,579
18193,23994,12090,11904
18194,2554,1716,838
18901,987,527,460
18902,684,490,194
18903,971,697,274
18904,741,534,207
18905,27105,13933,13172
18906,1194,765,429
18907,1797,1123,674
18908,1054,651,403
18909,511,346,165
18910,1034,613,421
18911,12637,6073,6564
18912,1368,830,538
18913,627,303,324
19001,21,21,0
19002,5,5,0
19003,5,1,4
19004,3,3,0
19005,134,69,65
19006,1173,643,530
19007,432,298,134
19008,36,36,0
19009,160,74,86
19010,23,12,11
19011,218,85,133
19013,94,59,35
19015,34,15,19
19016,25,5,20
19017,60,57,3
19018,126,91,35
19019,0,0,0
19020,24,18,6
19021,1362,591,771
19022,560,274,286
19023,77,24,53
19024,12211,5097,7114
19027,99,64,35
19031,0,0,0
19032,85,58,27
19033,31,31,0
19034,4,4,0
19036,515,309,206
19037,160,90,70
19038,3,3,0
19039,24,16,8
19040,4,4,0
19041,377,159,218
19042,15,9,6
19043,24,8,16
19044,172,96,76
19045,32,20,12
19046,41218,19986,21232
19047,130,60,70
19048,12,0,12
19049,4,4,0
19050,24,0,24
19051,0,0,0
19052,4,0,4
19053,2096,1074,1022
19054,140,87,53
19055,41,9,32
19057,27,7,20
19058,8338,3617,4721
19059,25,16,9
19060,179,112,67
19061,0,0,0
19064,5,4,1
19065,41,34,7
19066,4,4,0
19067,31,26,5
19070,99,94,5
19071,10821,5073,5748
19073,12,3,9
19074,100,63,37
19075,25,25,0
19076,0,0,0
19078,42,42,0
19079,0,0,0
19080,15,13,2
19081,25,24,1
19082,146,83,63
19086,1577,751,826
19087,11,9,2
19088,115,51,64
19089,7,0,7
19090,35,28,7
19091,12,0,12
19092,454,287,167
19095,10,7,3
19096,32,6,26
19097,12,6,6
19098,53,36,17
19099,240,93,147
19102,214,157,57
19103,149,78,71
19104,12,12,0
19105,2957,1383,1574
19106,78,39,39
19107,314,184,130
19108,152,96,56
19109,9,4,5
19110,36,11,25
19111,272,208,64
19112,114,64,50
19113,774,436,338
19114,0,0,0
19115,0,0,0
19116,0,0,0
19117,2342,1180,1162
19118,7,0,7
19119,162,72,90
19120,67,17,50
19121,187,78,109
19122,75,52,23
19123,39,10,29
19124,806,386,420
19125,20,14,6
19126,3327,1518,1809
19127,13,4,9
19129,33,33,0
19130,86344,43009,43335
19132,0,0,0
19133,365,188,177
19134,3,0,3
19135,32,7,25
19136,16,7,9
19138,412,278,134
19139,22,6,16
19142,486,244,242
19143,2437,1112,1325
19145,19,8,11
19146,14,1,13
19147,43,34,9
19148,3,0,3
19150,127,49,78
19151,1789,1002,787
19152,1100,634,466
19153,6,6,0
19154,14,8,6
19155,42,42,0
19156,1386,734,652
19157,2,0,2
19159,25,25,0
19160,1913,1025,888
19161,199,99,100
19162,39,25,14
19163,21,16,5
19165,52,27,25
19166,184,124,60
19167,138,76,62
19168,229,96,133
19169,13,5,8
19170,147,101,46
19171,6957,3459,3498
19172,39,30,9
19173,46,25,21
19174,190,102,88
19175,30,22,8
19176,206,139,67
19177,6,6,0
19178,60,31,29
19179,41,5,36
19181,25,25,0
19182,2,0,2
19183,39,20,19
19184,124,66,58
19185,16,5,11
19186,15,5,10
19187,23,23,0
19188,0,0,0
19189,162,87,75
19190,3323,1435,1888
19191,20,20,0
19192,2541,1468,1073
19193,30,15,15
19194,64,35,29
19195,20,10,10
19196,54,17,37
19197,0,0,0
19198,12,12,0
19199,18,18,0
19200,13,13,0
19201,8,5,3
19202,0,0,0
19203,31,30,1
19204,221,139,82
19208,3,3,0
19209,9,0,9
19210,8,4,4
19211,398,220,178
19212,990,532,458
19213,21,21,0
19214,21,9,12
19215,141,94,47
19216,88,16,72
19217,11,2,9
19218,13,13,0
19219,21,15,6
19220,4568,2064,2504
19221,10,1,9
19222,76,40,36
19223,212,114,98
19224,20,20,0
19225,1381,597,784
19226,21,13,8
19227,48,36,12
19228,40,22,18
19229,6,5,1
19230,827,380,447
19231,0,0,0
19232,7,4,3
19233,130,90,40
19234,3,3,0
19235,13,13,0
19237,51,9,42
19238,17,12,5
19239,44,14,30
19240,21,18,3
19241,3,3,0
19242,73,37,36
19243,9,8,1
19244,64,27,37
19245,1770,848,922
19246,5,5,0
19247,172,58,114
19248,68,48,20
19249,6,0,6
19250,12,0,12
19251,46,33,13
19252,32,21,11
19254,35,21,14
19255,36,36,0
19256,23,6,17
19257,3815,2027,1788
19258,50,42,8
19259,17,6,11
19260,25,22,3
19261,14,0,14
19262,104,91,13
19263,21,4,17
19264,31,15,16
19265,0,0,0
19266,283,111,172
19267,0,0,0
19268,40,9,31
19269,40,32,8
19270,0,0,0
19271,12,9,3
19272,47,47,0
19274,1890,1023,867
19277,14,14,0
19278,0,0,0
19279,194,109,85
19280,6095,2681,3414
19281,7,7,0
19282,61,39,22
19283,12,12,0
19284,0,0,0
19285,0,0,0
19286,1141,612,529
19287,89,52,37
19288,6,6,0
19289,10,6,4
19290,1901,928,973
19291,691,429,262
19293,2589,1418,1171
19294,13,3,10
19296,15,15,0
19297,27,6,21
19298,47,35,12
19299,37,37,0
19300,1157,512,645
19301,41,15,26
19302,42,28,14
19303,23,22,1
19304,371,230,141
19305,102,69,33
19306,11,11,0
19307,12,2,10
19308,1,1,0
19309,17,6,11
19310,7,7,0
19311,21,21,0
19314,12,12,0
19317,114,102,12
19318,16,15,1
19319,6838,2519,4319
19321,49,35,14
19322,16,12,4
19323,24,8,16
19324,101,66,35
19325,37,27,10
19326,2333,1055,1278
19327,392,173,219
19329,30,12,18
19330,3,3,0
19331,4529,2218,2311
19332,35,25,10
19333,47,37,10
19334,32,5,27
19335,34,15,19
19901,15,15,0
20001,122,38,84
20002,199,92,107
20003,700,357,343
20004,115,55,60
20005,1488,742,746
20006,171,58,113
20007,301,150,151
20008,445,161,284
20009,12042,5741,6301
20010,1497,614,883
20011,1022,402,620
20012,74,29,45
20013,3464,1747,1717
20014,812,393,419
20015,726,289,437
20016,1108,548,560
20017,7807,4037,3770
20018,9469,4750,4719
20019,8973,4227,4746
20020,77,36,41
20021,207,110,97
20022,399,164,235
20023,374,162,212
20024,163,105,58
20025,1056,410,646
20026,110,72,38
20027,2165,1210,955
20028,2263,1097,1166
20029,2996,1549,1447
20030,22205,10533,11672
20031,58,42,16
20032,7308,3575,3733
20033,503,296,207
20034,2353,1221,1132
20035,267,158,109
20036,10345,4253,6092
20037,45,10,35
20038,146,47,99
20039,1078,543,535
20040,14253,6729,7524
20041,224,81,143
20042,3687,1622,2065
20043,1147,444,703
20044,260,121,139
20045,57211,25210,32001
20046,1251,559,692
20047,564,233,331
20048,132,61,71
20049,3289,1471,1818
20050,285,132,153
20051,5468,2837,2631
20052,883,493,390
20053,4553,2107,2446
20054,498,289,209
20055,15339,7359,7980
20056,3496,1619,1877
20057,114,60,54
20058,465,196,269
20059,4284,1805,2479
20060,21,12,9
20061,3181,1627,1554
20062,667,268,399
20063,5775,2925,2850
20064,13156,6779,6377
20065,3629,1796,1833
20066,344,202,142
20067,33168,16610,16558
20068,63,27,36
20069,118895,55758,63137
20070,880,462,418
20071,13344,6397,6947
20072,4293,2004,2289
20073,3822,1821,2001
20074,9061,4358,4703
20075,4846,2403,2443
20076,7065,3389,3676
20077,4586,1899,2687
20078,758,345,413
20079,14611,7040,7571
20080,7365,3853,3512
20081,6498,2918,3580
20901,1200,527,673
20902,15243,7328,7915
20903,2721,1215,1506
20904,79,50,29
20905,49,22,27
20906,76,16,60
20907,88,24,64
21001,1556,788,768
21002,22613,10375,12238
21003,1100,674,426
21004,2461,1243,1218
21005,22743,13030,9713
21006,5708,3530,2178
21007,10555,5061,5494
21008,2519,1490,1029
21009,1763,552,1211
21010,28371,15265,13106
21011,4624,3012,1612
21012,281,172,109
21013,12450,7763,4687
21014,4243,2911,1332
21015,635,348,287
21016,2548,1047,1501
21017,6344,3439,2905
21018,3887,2016,1871
21019,1472,726,746
21020,510,338,172
21021,20317,11708,8609
21022,297,185,112
21023,3031,1450,1581
21024,838,526,312
21025,6497,3228,3269
21026,393,212,181
21027,87,54,33
21028,385,175,210
21029,2697,1279,1418
21030,1595,892,703
21031,1396,783,613
21032,2064,1394,670
21033,1266,658,608
21034,2376,1124,1252
21035,17866,10185,7681
21036,552,288,264
21037,629,444,185
21038,2288,1246,1042
21039,251,157,94
21040,3504,1973,1531
21041,222865,108569,114296
21042,29163,16450,12713
21043,3694,1615,2079
21044,32239,16978,15261
21045,506,292,214
21046,2032,1040,992
21047,1725,1226,499
21048,613,306,307
21049,5620,2663,2957
21050,16768,9318,7450
21051,553,274,279
21052,9943,4850,5093
21053,5317,2818,2499
21054,12672,6393,6279
21055,15223,6835,8388
21056,2053,1447,606
21057,1448,775,673
21058,4105,2426,1679
21059,365,201,164
21060,23424,12235,11189
21061,6954,4760,2194
21062,1875,924,951
21063,4212,2484,1728
21064,10193,5890,4303
21065,513,334,179
21066,453,305,148
21067,786,331,455
21068,903,573,330
21069,2035,654,1381
21070,10984,6337,4647
21071,241,129,112
21072,18303,8255,10048
21073,3050,1671,1379
21074,4010,2471,1539
21075,626,380,246
21076,2829,1534,1295
21077,1777,1021,756
21078,5218,2956,2262
21079,1142,465,677
22001,101,53,48
22002,54,42,12
22003,58,29,29
22004,32,17,15
22006,115,68,47
22007,755,377,378
22008,89,52,37
22009,420,246,174
22011,5,1,4
22012,34,18,16
22013,77,38,39
22014,124,72,52
22015,152,46,106
22016,385,150,235
22017,432,188,244
22018,160,74,86
22019,95,59,36
22020,86,54,32
22021,1676,852,824
22022,408,195,213
22023,294,128,166
22024,179,81,98
22025,755,415,340
22027,307,147,160
22028,119,65,54
22029,38,31,7
22032,60,27,33
22035,118,102,16
22036,43,25,18
22037,41,20,21
22039,808,462,346
22040,144,98,46
22041,45,21,24
22042,43,35,8
22043,52,39,13
22044,108,60,48
22045,26,4,22
22046,426,235,191
22047,55,19,36
22048,14988,7869,7119
22049,31,21,10
22050,34,10,24
22051,9,9,0
22052,799,353,446
22053,656,357,299
22054,1089,643,446
22055,122,39,83
22057,145,72,73
22058,94,70,24
22059,1021,619,402
22060,838,468,370
22061,6459,3465,2994
22062,90,59,31
22063,74,42,32
22064,63,38,25
22066,762,407,355
22067,15,15,0
22068,57,33,24
22069,275,143,132
22072,84,46,38
22074,279,129,150
22075,71,31,40
22076,170,71,99
22077,183,66,117
22078,286,134,152
22079,55,35,20
22080,229,146,83
22081,104,38,66
22082,236,72,164
22083,170,66,104
22084,443,223,220
22085,31,10,21
22086,80,56,24
22087,29,17,12
22088,97,51,46
22089,228,107,121
22090,79,45,34
22094,51,13,38
22095,28,14,14
22096,149,57,92
22099,355,149,206
22102,187,114,73
22103,375,146,229
22105,23,2,21
22106,2,0,2
22107,60,35,25
22109,194,98,96
22110,505,253,252
22111,20,14,6
22112,12553,6399,6154
22113,215,118,97
22114,67,54,13
22115,238,116,122
22116,1335,719,616
22117,2489,1168,1321
22119,991,594,397
22122,32,9,23
22124,122,70,52
22125,46713,25143,21570
22126,40,23,17
22127,308,114,194
22128,41,30,11
22129,171,111,60
22130,10632,5813,4819
22131,17,4,13
22133,71,33,38
22135,52,34,18
22136,417,208,209
22137,682,505,177
22139,22,11,11
22141,32,16,16
22142,39,28,11
22143,156,119,37
22144,138,78,60
22149,166,136,30
22150,202,118,84
22151,60,37,23
22155,28,14,14
22156,219,160,59
22157,66,53,13
22158,15689,8027,7662
22160,123,70,53
22162,56,21,35
22163,211,132,79
22164,60,36,24
22165,302,154,148
22167,405,187,218
22168,8,8,0
22170,303,186,117
22172,177,100,77
22173,157,87,70
22174,143,55,88
22175,118,72,46
22176,133,87,46
22177,39,18,21
22178,98,58,40
22181,22,0,22
22182,165,111,54
22184,99,45,54
22186,146,97,49
22187,283,150,133
22188,111,38,73
22189,68,23,45
22190,134,95,39
22193,302,157,145
22195,123,64,59
22197,248,125,123
22199,8955,4917,4038
22200,161,87,74
22201,99,73,26
22202,131,70,61
22203,29,14,15
22204,597,341,256
22205,229,111,118
22206,43,12,31
22207,8,0,8
22208,76,41,35
22209,37,10,27
22212,85,53,32
22213,3363,1811,1552
22214,72,30,42
22215,67,36,31
22217,151,87,64
22218,12,12,0
22220,61,57,4
22221,60,28,32
22222,329,166,163
22223,27,13,14
22225,1658,830,828
22226,583,263,320
22227,84,23,61
22228,390,157,233
22229,125,72,53
22230,151,75,76
22232,34,13,21
22233,61,39,22
22234,600,341,259
22235,29,8,21
22236,149,87,62
22239,32,15,17
22242,7,7,0
22243,7,3,4
22244,32,18,14
22245,208,111,97
22246,35,26,9
22247,33,18,15
22248,45,21,24
22249,87,43,44
22250,362,189,173
22251,189,122,67
22252,25,18,7
22253,17,5,12
22254,1195,614,581
22901,321,162,159
22902,132,80,52
22903,354,189,165
22904,463,204,259
22905,157,92,65
22906,115,56,59
22907,1378,772,606
22908,123,75,48
22909,205,126,79
23001,536,315,221
23002,14663,6920,7743
23003,7769,3933,3836
23004,337,108,229
23005,51042,22799,28243
23006,3654,2311,1343
23007,2000,1229,771
23008,1794,1173,621
23009,15186,6180,9006
23010,30374,12289,18085
23011,3429,1745,1684
23012,4388,1788,2600
23014,2297,1243,1054
23015,1361,582,779
23016,342,156,186
23017,1332,552,780
23018,1799,1057,742
23019,1221,681,540
23020,1310,501,809
23021,888,416,472
23024,29207,12237,16970
23025,1724,784,940
23026,2046,1137,909
23027,803,442,361
23028,7105,3365,3740
23029,269,119,150
23030,706,438,268
23031,448,340,108
23032,517,245,272
23033,551,332,219
23034,1694,896,798
23035,858,352,506
23037,307,155,152
23038,2957,1515,1442
23039,4511,1977,2534
23040,799,490,309
23041,238,163,75
23042,300,190,110
23043,228,119,109
23044,5329,2278,3051
23045,839,489,350
23046,2697,1358,1339
23047,1271,565,706
23048,232,127,105
23049,1369,828,541
23050,127657,56965,70692
23051,2527,1496,1031
23052,630,311,319
23053,7998,4742,3256
23054,106,63,43
23055,90570,39740,50830
23056,2638,1610,1028
23057,572,330,242
23058,8462,4184,4278
23059,6715,3724,2991
23060,23563,9581,13982
23061,11461,6262,5199
23062,547,198,349
23063,2624,1676,948
23064,694,412,282
23065,1630,722,908
23066,3505,1866,1639
23067,2699,1581,1118
23069,2819,1565,1254
23070,6497,3131,3366
23071,1902,878,1024
23072,1712,891,821
23073,4196,2473,1723
23074,4315,1977,2338
23075,3993,2151,1842
23076,1762,733,1029
23077,220,96,124
23079,2535,1295,1240
23080,990,648,342
23081,1162,540,622
23082,1277,644,633
23084,748,396,352
23085,1706,944,762
23086,13792,6739,7053
23087,13096,6189,6907
23088,9865,5296,4569
23090,723,324,399
23091,603,277,326
23092,42381,16858,25523
23093,1132,565,567
23094,4930,2545,2385
23095,5129,2638,2491
23096,2335,1323,1012
23097,4582,1874,2708
23098,474,269,205
23099,3245,1686,1559
23101,235,148,87
23901,1054,432,622
23902,1618,919,699
23903,2496,1433,1063
23904,1488,777,711
23905,1084,519,565
24001,44,32,12
24002,143,45,98
24003,526,360,166
24004,432,247,185
24005,283,182,101
24006,452,282,170
24007,1325,688,637
24008,11948,5107,6841
24009,222,151,71
24010,11681,5165,6516
24011,151,109,42
24012,100,52,48
24014,12256,6027,6229
24015,2133,1133,1000
24016,343,172,171
24017,318,220,98
24018,131,62,69
24019,273,127,146
24020,165,133,32
24021,1704,988,716
24022,319,199,120
24023,273,125,148
24024,348,233,115
24025,72,55,17
24026,583,358,225
24027,1736,855,881
24028,150,102,48
24029,392,174,218
24030,7182,3432,3750
24031,97,46,51
24032,23,12,11
24033,45,42,3
24034,4586,2122,2464
24036,338,254,84
24037,175,134,41
24038,3983,2057,1926
24039,1668,900,768
24040,336,184,152
24041,519,307,212
24042,1,0,1
24043,53,52,1
24044,115,81,34
24046,1005,513,492
24047,626,398,228
24049,1836,1091,745
24050,41,27,14
24051,140,90,50
24052,103,76,27
24053,413,205,208
24054,240,145,95
24055,604,421,183
24056,3813,1641,2172
24057,1625,795,830
24058,52,28,24
24059,820,448,372
24060,277,145,132
24061,1649,893,756
24062,66,31,35
24063,177,109,68
24064,1991,953,1038
24065,1819,909,910
24066,331,199,132
24067,501,232,269
24068,271,86,185
24069,2,2,0
24070,6034,2590,3444
24071,1238,656,582
24073,214,97,117
24074,6,6,0
24076,903,443,460
24077,69,20,49
24078,244,173,71
24079,721,419,302
24080,59,4,55
24081,31,4,27
24082,812,381,431
24083,944,649,295
24084,81,51,30
24086,70,10,60
24087,307,141,166
24088,862,523,339
24089,126738,58694,68044
24090,267,157,110
24091,354,235,119
24092,596,438,158
24093,182,87,95
24094,2059,1102,957
24095,290,123,167
24096,11,5,6
24097,64,39,25
24098,962,620,342
24099,43,27,16
24100,819,426,393
24101,102,55,47
24102,539,252,287
24103,224,141,83
24104,162,112,50
24105,1245,616,629
24106,107,68,39
24107,100,59,41
24108,310,147,163
24109,1036,562,474
24110,1406,764,642
24112,93,29,64
24113,209,122,87
24114,3483,1969,1514
24115,84197,39405,44792
24116,134,66,68
24117,444,207,237
24118,113,75,38
24119,801,470,331
24120,228,109,119
24121,424,242,182
24122,1460,661,799
24123,839,563,276
24124,281,167,114
24125,322,183,139
24127,124,77,47
24129,72,50,22
24130,356,210,146
24131,469,293,176
24132,284,170,114
24133,166,97,69
24134,4045,2110,1935
24136,256,134,122
24137,1192,631,561
24139,1642,764,878
24141,97,55,42
24142,31475,14347,17128
24143,698,402,296
24144,499,265,234
24145,239,137,102
24146,177,134,43
24148,1474,644,830
24149,104,42,62
24150,92,55,37
24151,258,95,163
24152,339,229,110
24153,136,95,41
24154,1122,551,571
24155,248,113,135
24156,63,50,13
24157,2213,968,1245
24158,132,101,31
24159,1107,592,515
24160,563,270,293
24161,197,102,95
24162,1859,890,969
24163,3015,1401,1614
24164,68,49,19
24165,185,118,67
24166,1207,649,558
24167,785,409,376
24168,277,150,127
24169,4230,2201,2029
24170,2276,1337,939
24171,286,196,90
24172,219,106,113
24173,691,454,237
24174,199,85,114
24175,1500,755,745
24176,97,56,41
24177,173,116,57
24178,29,21,8
24179,185,91,94
24180,855,474,381
24181,1433,795,638
24182,261,134,127
24183,626,335,291
24184,141,105,36
24185,412,212,200
24187,708,431,277
24188,4665,1866,2799
24189,6630,3098,3532
24190,33,10,23
24191,37,4,33
24193,297,116,181
24194,77,26,51
24196,2318,1262,1056
24197,655,342,313
24198,549,357,192
24199,247,176,71
24201,569,284,285
24202,9856,4541,5315
24203,40,15,25
24205,793,341,452
24206,2246,1122,1124
24207,269,166,103
24209,3434,1673,1761
24210,349,202,147
24211,145,78,67
24212,798,395,403
24213,32,32,0
24214,680,362,318
24215,40,19,21
24216,488,347,141
24217,37,31,6
24218,303,148,155
24219,410,224,186
24221,675,301,374
24222,16287,7631,8656
24223,2346,1152,1194
24224,373,235,138
24225,735,435,300
24226,67,57,10
24227,1488,774,714
24228,433,280,153
24229,173,115,58
24230,238,159,79
24901,608,269,339
24902,132,63,69
25001,121,67,54
25002,112,70,42
25003,4526,2295,2231
25004,417,235,182
25005,131,57,74
25006,218,98,120
25007,1610,880,730
25008,980,434,546
25009,682,372,310
25010,33,12,21
25011,8333,4036,4297
25012,2495,1357,1138
25013,2715,1789,926
25014,154,65,89
25015,305,148,157
25016,2760,1669,1091
25017,58,46,12
25019,4197,2625,1572
25020,105,79,26
25021,3071,1937,1134
25022,73,18,55
25023,3364,1836,1528
25024,151,82,69
25025,537,318,219
25027,880,374,506
25029,1593,951,642
25030,96,47,49
25031,23,10,13
25032,38,14,24
25033,1085,524,561
25034,2346,1264,1082
25035,237,137,100
25036,52,31,21
25037,123,73,50
25038,1874,1032,842
25039,225,128,97
25040,19226,10367,8859
25041,549,335,214
25042,70,35,35
25043,293,131,162
25044,51,7,44
25045,32,19,13
25046,302,180,122
25047,847,297,550
25048,1448,789,659
25049,101,58,43
25050,3672,2289,1383
25051,941,547,394
25052,1706,738,968
25053,823,444,379
25055,48,30,18
25056,47,40,7
25057,95,47,48
25058,4419,2622,1797
25059,504,260,244
25060,59,38,21
25061,22,13,9
25062,454,175,279
25063,33,17,16
25064,42,12,30
25067,432,215,217
25068,378,214,164
25069,212,108,104
25070,591,373,218
25071,7,0,7
25072,9386,4963,4423
25073,513,286,227
25074,130,74,56
25075,82,44,38
25076,91,17,74
25077,230,182,48
25078,706,420,286
25079,182,106,76
25081,247,198,49
25082,114,55,59
25085,54,9,45
25086,468,279,189
25087,29,29,0
25088,20,0,20
25089,97,49,48
25092,106,59,47
25093,404,194,210
25094,85,35,50
25096,949,464,485
25097,17,12,5
25098,159,89,70
25099,1310,733,577
25100,107,65,42
25101,311,239,72
25102,640,379,261
25103,108,75,33
25104,20,0,20
25105,104,72,32
25109,150,105,45
25110,3123,1641,1482
25111,1,0,1
25112,213,129,84
25113,899,580,319
25114,12,6,6
25115,462,226,236
25118,142,115,27
25119,1845,1050,795
25120,138991,78347,60644
25121,512,232,280
25122,1851,982,869
25123,73,41,32
25124,32,20,12
25125,102,54,48
25126,204,86,118
25127,67,62,5
25128,159,97,62
25129,67,14,53
25130,107,64,43
25131,175,104,71
25132,94,30,64
25133,430,279,151
25134,834,543,291
25135,951,498,453
25136,17,10,7
25137,13858,8036,5822
25138,291,128,163
25139,304,215,89
25140,314,168,146
25141,129,80,49
25142,254,133,121
25143,25,8,17
25145,13,4,9
25146,103,42,61
25148,52,21,31
25149,1255,570,685
25150,45,13,32
25151,455,215,240
25152,108,70,38
25153,130,90,40
25154,57,20,37
25155,397,250,147
25156,468,185,283
25157,111,46,65
25158,1104,708,396
25161,191,116,75
25163,129,41,88
25164,184,92,92
25165,122,28,94
25166,80,48,32
25167,99,67,32
25168,243,118,125
25169,129,75,54
25170,79,22,57
25171,2376,1510,866
25172,1970,1043,927
25173,1272,866,406
25174,377,180,197
25175,74,29,45
25176,166,92,74
25177,376,177,199
25179,40,17,23
25180,137,87,50
25181,102,79,23
25182,871,474,397
25183,322,166,156
25185,418,180,238
25186,129,68,61
25189,2261,1191,1070
25190,165,98,67
25191,91,34,57
25192,838,453,385
25193,346,132,214
25194,280,90,190
25196,12,0,12
25197,35,19,16
25200,174,95,79
25201,39,21,18
25202,145,82,63
25203,8941,5048,3893
25204,806,491,315
25205,513,265,248
25206,117,23,94
25207,8753,4833,3920
25208,201,94,107
25209,1769,954,815
25210,1328,662,666
25211,409,203,206
25212,61,52,9
25215,265,123,142
25216,87,38,49
25217,16924,9012,7912
25218,42,12,30
25219,116,80,36
25220,951,381,570
25221,98,50,48
25222,0,0,0
25223,839,402,437
25224,56,17,39
25225,581,332,249
25226,106,31,75
25227,218,127,91
25228,2681,1209,1472
25230,1285,693,592
25231,299,178,121
25232,1600,777,823
25233,101,38,63
25234,5123,2741,2382
25238,56,53,3
25239,264,121,143
25240,1145,515,630
25242,534,252,282
25243,3523,2052,1471
25244,345,151,194
25245,271,220,51
25247,95,43,52
25248,626,309,317
25249,65,16,49
25250,160,74,86
25251,567,342,225
25252,411,164,247
25253,135,73,62
25254,701,304,397
25255,358,239,119
25901,179,73,106
25902,326,150,176
25903,132,80,52
25904,97,49,48
25905,259,121,138
25906,78,17,61
25907,181,66,115
25908,70,14,56
25909,117,72,45
25910,29,9,20
25911,284,174,110
25912,443,238,205
25913,0,0,0
26001,119,39,80
26002,1058,553,505
26003,164,64,100
26004,0,0,0
26005,2920,1564,1356
26006,2974,1570,1404
26007,381,188,193
26008,1475,773,702
26009,303,158,145
26010,55,33,22
26011,8448,3990,4458
26012,20,20,0
26013,397,203,194
26014,218,155,63
26015,192,92,100
26016,1,0,1
26017,246,134,112
26018,10849,4966,5883
26019,384,154,230
26020,323,190,133
26021,2901,1772,1129
26022,80,53,27
26023,277,201,76
26024,136,43,93
26025,57,44,13
26026,932,458,474
26027,67,42,25
26028,77,38,39
26029,11,11,0
26030,2,2,0
26031,86,49,37
26032,7,5,2
26033,50,18,32
26034,372,205,167
26035,2,2,0
26036,22092,10933,11159
26037,96,54,42
26038,17,15,2
26039,46,36,10
26040,11,2,9
26041,52,20,32
26042,1585,978,607
26043,461,224,237
26044,9,5,4
26045,0,0,0
26046,1227,642,585
26047,1398,856,542
26048,0,0,0
26049,249,151,98
26050,88,53,35
26051,174,64,110
26052,57,35,22
26053,217,120,97
26054,125,84,41
26055,21,21,0
26056,356,238,118
26057,3,3,0
26058,92,69,23
26059,968,568,400
26060,20,14,6
26061,1137,634,503
26062,10,2,8
26063,70,54,16
26064,2409,1167,1242
26065,6,6,0
26066,256,129,127
26067,0,0,0
26068,81,54,27
26069,106,60,46
26070,50,28,22
26071,11679,6222,5457
26072,85,28,57
26073,66,48,18
26074,22,8,14
26075,365,257,108
26076,149,45,104
26077,0,0,0
26078,14,10,4
26079,586,348,238
26080,413,233,180
26081,5,0,5
26082,32,6,26
26083,51,40,11
26084,6684,3044,3640
26086,9,0,9
26087,115,81,34
26088,20,19,1
26089,149173,74055,75118
26091,40,27,13
26092,4,4,0
26093,3,1,2
26094,13,11,2
26095,40,23,17
26096,137,98,39
26098,106,89,17
26099,1517,823,694
26100,26,14,12
26101,12,0,12
26102,8005,3791,4214
26103,815,377,438
26104,0,0,0
26105,2252,1035,1217
26106,26,16,10
26107,18,18,0
26108,129,75,54
26109,24,10,14
26110,64,49,15
26111,229,125,104
26112,126,94,32
26113,0,0,0
26114,46,32,14
26115,11,11,0
26117,2032,1281,751
26118,8,1,7
26119,138,74,64
26120,1635,890,745
26121,0,0,0
26122,12,9,3
26123,25,8,17
26124,879,490,389
26125,2901,1556,1345
26126,0,0,0
26127,88,35,53
26128,36,3,33
26129,759,377,382
26130,66,53,13
26131,0,0,0
26132,59,48,11
26134,64,14,50
26135,53,25,28
26136,130,91,39
26138,5609,3009,2600
26139,25,21,4
26140,166,58,108
26141,84,59,25
26142,632,330,302
26143,131,59,72
26144,123,57,66
26145,175,113,62
26146,49,26,23
26147,9,3,6
26148,113,47,66
26149,11,8,3
26150,63,31,32
26151,238,107,131
26152,0,0,0
26153,0,0,0
26154,4,4,0
26155,60,28,32
26157,383,187,196
26158,205,104,101
26160,713,387,326
26161,0,0,0
26162,51,48,3
26163,108,61,47
26164,18,17,1
26165,267,127,140
26166,50,26,24
26167,12,0,12
26168,6932,3393,3539
26169,38,11,27
26170,383,229,154
26171,110,64,46
26172,0,0,0
26173,0,0,0
26174,59,19,40
26175,7,7,0
26176,23,20,3
26177,173,98,75
26178,16,14,2
26179,1,0,1
26180,220,98,122
26181,0,0,0
26183,50,39,11
27001,1295,938,357
27002,1008,576,432
27003,1062,571,491
27004,590,383,207
27005,2095,1093,1002
27006,2293,1226,1067
27007,2313,1270,1043
27008,1042,496,546
27009,1469,970,499
27010,3133,1638,1495
27011,1293,754,539
27012,1184,940,244
27013,2993,1221,1772
27014,2001,1096,905
27015,3093,1779,1314
27016,6901,3531,3370
27017,750,500,250
27018,2076,1275,801
27019,7888,3664,4224
27020,2200,1432,768
27021,1469,1028,441
27022,4440,2496,1944
27023,1396,908,488
27024,899,508,391
27025,1965,745,1220
27026,1920,1097,823
27027,1435,733,702
27028,100937,46170,54767
27029,985,496,489
27030,2357,1091,1266
27031,19324,8940,10384
27032,2654,1274,1380
27033,340,214,126
27034,517,390,127
27035,233,129,104
27037,714,489,225
27038,532,312,220
27039,3277,1718,1559
27040,1738,998,740
27041,2193,1276,917
27042,994,541,453
27043,708,384,324
27044,1710,1109,601
27045,770,527,243
27046,970,482,488
27047,1262,689,573
27048,1246,687,559
27049,907,473,434
27050,3573,1844,1729
27051,8072,3727,4345
27052,981,540,441
27053,339,186,153
27054,595,386,209
27055,824,496,328
27056,1733,833,900
27057,12882,6290,6592
27058,2852,1539,1313
27059,1566,831,735
27060,1790,1173,617
27061,480,290,190
27062,446,233,213
27063,1362,736,626
27064,1327,516,811
27065,14045,7514,6531
27066,14565,6034,8531
27901,1613,838,775
27902,7767,2967,4800
28001,35,21,14
28002,3047,1386,1661
28003,190,81,109
28004,9091,4671,4420
28005,223066,110071,112995
28006,85000,41849,43151
28007,163666,77481,86185
28008,3540,2058,1482
28009,15527,7066,8461
28010,9496,4675,4821
28011,684,353,331
28012,1315,574,741
28013,58446,28174,30272
28014,63409,31827,31582
28015,15144,6072,9072
28016,86,52,34
28017,1355,634,721
28018,5179,2767,2412
28019,1654,807,847
28020,183,110,73
28021,582,251,331
28022,22298,9498,12800
28023,5272,2813,2459
28024,173,84,89
28025,599,314,285
28026,8120,3870,4250
28027,1786,892,894
28028,2241,1205,1036
28029,658,317,341
28030,3112,1809,1303
28031,4962,2466,2496
28032,7331,3181,4150
28033,6369,3033,3336
28034,413,207,206
28035,2500,1149,1351
28036,4033,1607,2426
28037,2707,1348,1359
28038,5520,3151,2369
28039,159,55,104
28040,25141,12319,12822
28041,4084,1885,2199
28042,1590,912,678
28043,10394,5470,4924
28044,6906,3332,3574
28045,40729,20880,19849
28046,5868,3117,2751
28047,62303,31579,30724
28048,764,414,350
28049,86024,42391,43633
28050,4446,1783,2663
28051,2824,1436,1388
28052,6155,2891,3264
28053,7151,2941,4210
28054,10847,5236,5611
28055,1257,633,624
28056,2098,1215,883
28057,1958,931,1027
28058,241117,116819,124298
28059,6297,3227,3070
28060,3283,1497,1786
28061,29036,15994,13042
28062,457,209,248
28063,338,185,153
28064,134,37,97
28065,169482,82243,87239
28066,7263,2995,4268
28067,5897,3283,2614
28068,11885,5883,6002
28069,12,1,11
28070,102,52,50
28071,52,13,39
28072,4970,2320,2650
28073,25086,11634,13452
28074,200240,96523,103717
28075,8102,3726,4376
28076,487,253,234
28078,45,24,21
28079,2636964,1312483,1324481
28080,40058,18073,21985
28082,7462,3881,3581
28083,14734,6887,7847
28084,26041,12288,13753
28085,6233,3549,2684
28086,7701,3899,3802
28087,3432,1974,1458
28088,166,67,99
28089,5094,2221,2873
28090,9949,5114,4835
28091,9287,4733,4554
28092,229327,111137,118190
28093,1906,921,985
28094,1608,873,735
28095,2710,1665,1045
28096,28360,13632,14728
28097,78,41,37
28099,3625,2000,1625
28100,6442,3007,3435
28101,280,109,171
28102,1617,821,796
28104,11049,4998,6051
28106,169960,86429,83531
28107,301,149,152
28108,4537,2215,2322
28109,3570,2030,1540
28110,3593,1724,1869
28111,993,527,466
28112,183,81,102
28113,49276,20706,28570
28114,133,68,65
28115,39736,18719,21017
28116,1094,508,586
28117,122,59,63
28118,67,18,49
28119,2621,1191,1430
28120,1362,804,558
28121,192,79,113
28122,678,322,356
28123,55308,23901,31407
28124,59,25,34
28125,3365,1782,1583
28126,32,16,16
28127,49264,21504,27760
28128,557,342,215
28129,9353,4418,4935
28130,40136,18752,21384
28131,12800,6317,6483
28132,23919,12111,11808
28133,11255,5850,5405
28134,67281,31946,35335
28135,1148,597,551
28136,1036,553,483
28137,2267,1167,1100
28138,78,33,45
28140,3102,1328,1774
28141,7706,3611,4095
28143,66,22,44
28144,5456,2569,2887
28145,3453,1624,1829
28146,3063,1769,1294
28147,1532,817,715
28148,146788,69099,77689
28149,7344,3015,4329
28150,3895,1581,2314
28151,4987,2613,2374
28152,10268,4395,5873
28153,705,376,329
28154,9422,4414,5008
28155,894,411,483
28156,1559,820,739
28157,925,456,469
28158,806,443,363
28159,1492,806,686
28160,9390,4892,4498
28161,73417,29214,44203
28162,2158,1016,1142
28163,470,214,256
28164,4648,2342,2306
28165,3543,1722,1821
28166,465,202,263
28167,11230,4482,6748
28168,1876,791,1085
28169,1061,453,608
28170,4220,2325,1895
28171,7185,4264,2921
28172,9183,3968,5215
28173,945,415,530
28174,2474,1236,1238
28175,897,383,514
28176,10512,5186,5326
28177,11402,5311,6091
28178,1403,605,798
28179,2027,1000,1027
28180,8530,3396,5134
28181,15042,6767,8275
28182,176,78,98
28183,1826,1110,716
28901,1129,630,499
28902,496,271,225
28903,22687,9532,13155
29001,5500,3830,1670
29002,2018,1327,691
29003,948,597,351
29004,402,309,93
29005,7567,4552,3015
29006,1273,679,594
29007,48658,22130,26528
29008,32561,18165,14396
29009,2191,1714,477
29010,1997,1090,907
29011,6239,3499,2740
29012,23847,12898,10949
29013,2935,1600,1335
29014,309,202,107
29015,51707,26786,24921
29016,390,312,78
29017,8557,4603,3954
29018,2959,1869,1090
29019,1352,1135,217
29020,6260,3538,2722
29021,265,181,84
29022,260,152,108
29023,2589,1069,1520
29024,636,347,289
29025,81754,36039,45715
29026,1303,969,334
29027,2990,2088,902
29028,2645,1382,1263
29029,839,485,354
29030,1237,905,332
29031,2417,1423,994
29032,10709,5370,5339
29033,1955,1489,466
29034,678,448,230
29035,1964,1206,758
29036,980,731,249
29037,202,124,78
29038,34934,17840,17094
29039,4080,2545,1535
29040,2648,1535,1113
29041,5174,2696,2478
29042,33259,18673,14586
29043,4412,2863,1549
29044,1028,787,241
29045,3443,2376,1067
29046,5746,2834,2912
29047,1512,970,542
29048,2334,1466,868
29049,3788,2584,1204
29050,467,378,89
29051,90203,48570,41633
29052,189,115,74
29053,3547,2019,1528
29054,94359,46954,47405
29055,2485,1379,1106
29056,1751,939,812
29057,351,188,163
29058,2613,1605,1008
29059,3363,2067,1296
29060,869,620,249
29061,1636,929,707
29062,960,787,173
29063,425,282,143
29064,744,431,313
29065,183,119,64
29066,583,484,99
29067,870603,422367,448236
29068,15678,8949,6729
29069,181341,90398,90943
29070,97028,47679,49349
29071,1335,1030,305
29072,4210,2494,1716
29073,3914,2476,1438
29074,1156,463,693
29075,32747,16700,16047
29076,3903,2192,1711
29077,245,182,63
29079,3756,2516,1240
29080,15657,7993,7664
29081,288,156,132
29082,50109,24101,26008
29083,2917,1978,939
29084,54547,26028,28519
29085,188,120,68
29086,1517,1093,424
29087,452,343,109
29088,2982,1799,1183
29089,4077,2698,1379
29090,2585,1492,1093
29091,20333,11233,9100
29092,1168,802,366
29093,3007,1881,1126
29094,110315,62935,47380
29095,2849,1625,1224
29096,4295,2887,1408
29097,5087,3205,1882
29098,1287,732,555
29099,1348,945,403
29100,5456,2325,3131
29901,87687,40159,47528
29902,0,0,0
30001,6287,3612,2675
30002,10775,6086,4689
30003,35649,19095,16554
30004,2443,1404,1039
30005,61133,30181,30952
30006,725,384,341
30007,12891,6749,6142
30008,23802,10749,13053
30009,18863,9475,9388
30010,11067,6824,4243
30011,6378,3498,2880
30012,17477,8724,8753
30013,14224,7597,6627
30014,2802,1510,1292
30015,31871,14714,17157
30016,233529,118978,114551
30017,24273,11608,12665
30018,13139,6326,6813
30019,38953,21227,17726
30020,13106,6963,6143
30021,13145,7269,5876
30022,34586,18693,15893
30023,6696,2919,3777
30024,86826,43308,43518
30025,8539,4048,4491
30026,32008,16691,15317
30027,77904,36669,41235
30028,11739,5637,6102
30029,23119,12189,10930
30030,463774,240039,223735
30031,851,550,301
30032,4707,2270,2437
30033,11121,5602,5519
30034,1685,769,916
30035,33542,16756,16786
30036,30461,15961,14500
30037,37717,22061,15656
30038,28071,14423,13648
30039,25917,13967,11950
30040,1091,586,505
30041,31957,15636,16321
30042,2952,1452,1500
30043,46826,20516,26310
30901,15937,8272,7665
30902,16303,8840,7463
31001,66,31,35
31002,174,77,97
31003,32,31,1
31004,3,3,0
31005,222,117,105
31006,2689,1289,1400
31007,45,14,31
31008,56,36,20
31009,555,210,345
31010,9087,4222,4865
31011,771,324,447
31012,911,389,522
31013,445,184,261
31014,290,167,123
31015,2153,1163,990
31016,9651,4227,5424
31017,230,84,146
31018,368,180,188
31019,2327,1178,1149
31020,194,107,87
31021,22,22,0
31022,278,132,146
31023,3856,1494,2362
31024,83,68,15
31025,583,149,434
31026,44,26,18
31027,695,255,440
31028,120,59,61
31029,925,498,427
31030,76,51,25
31031,63,28,35
31032,1932,1164,768
31033,35,20,15
31034,40,20,20
31035,22,16,6
31036,906,488,418
31037,76,28,48
31038,938,348,590
31039,55,20,35
31040,154,86,68
31041,1565,685,880
31042,2113,1079,1034
31043,0,0,0
31044,161,50,111
31045,331,144,187
31046,22,10,12
31047,36,11,25
31048,140,41,99
31049,401,201,200
31050,3384,1790,1594
31051,157,80,77
31052,31,16,15
31053,554,321,233
31054,447,204,243
31055,100,70,30
31056,57,11,46
31057,1922,942,980
31058,83,30,53
31059,28,9,19
31060,17025,8137,8888
31061,24,4,20
31062,844,409,435
31063,15,15,0
31064,1720,838,882
31065,2194,1064,1130
31066,836,441,395
31067,1955,1090,865
31068,4151,1945,2206
31069,710,281,429
31070,5098,3081,2017
31071,0,0,0
31072,9200,5415,3785
31073,300,145,155
31074,262,113,149
31075,115,63,52
31076,1632,653,979
31077,9331,5663,3668
31078,2477,1574,903
31079,73,36,37
31080,397,168,229
31081,224,124,100
31082,361,195,166
31083,22,6,16
31084,1970,759,1211
31085,302,160,142
31086,11352,4690,6662
31087,141,79,62
31088,6194,2751,3443
31089,180,68,112
31090,92,58,34
31091,109,66,43
31092,198,142,56
31093,55,44,11
31094,85,45,40
31095,16,9,7
31096,11,8,3
31097,13604,6252,7352
31098,1091,383,708
31099,29,8,21
31100,248,124,124
31101,1179,439,740
31102,64,47,17
31103,25,25,0
31104,1550,917,633
31105,2512,1564,948
31106,540,181,359
31107,1917,929,988
31108,2338,1174,1164
31109,1080,406,674
31110,87,50,37
31111,7,0,7
31112,13,9,4
31113,40,26,14
31114,314,92,222
31115,80,33,47
31116,28,16,12
31117,460,288,172
31118,43,16,27
31119,3,3,0
31120,176,87,89
31121,78,22,56
31122,4763,2073,2690
31123,658,382,276
31124,41,14,27
31125,190,104,86
31126,248,152,96
31127,44,23,21
31128,90,61,29
31129,190,71,119
31130,198,57,141
31131,539,244,295
31132,102,72,30
31133,11,11,0
31134,59,39,20
31135,35,23,12
31136,232,95,137
31137,78,63,15
31138,877,401,476
31139,96,61,35
31140,14,0,14
31141,58,32,26
31142,1515,820,695
31143,24,12,12
31144,336,205,131
31145,82,40,42
31146,5,4,1
31147,42,20,22
31148,75,30,45
31149,1469,661,808
31150,93,52,41
31151,56,31,25
31152,1154,583,571
31153,1622,876,746
31154,96,38,58
31155,253,80,173
31156,214,107,107
31157,4163,2320,1843
31158,169,72,97
31159,766,323,443
31160,137,79,58
31161,261,165,96
31162,20,18,2
31163,2380,1202,1178
31164,419,231,188
31165,2379,1287,1092
31166,117,70,47
31167,656,345,311
31168,229,135,94
31169,2526,1350,1176
31170,66,20,46
31171,576,191,385
31172,273,102,171
31173,688,400,288
31174,125,63,62
31175,53,14,39
31176,4085,1994,2091
31177,240,160,80
31178,739,403,336
31179,490,233,257
31180,157,74,83
31181,49,26,23
31182,34,21,13
31183,533,250,283
31184,15,5,10
31185,170,68,102
31186,175,84,91
31187,126,83,43
31188,174,47,127
31189,1524,839,685
31190,1,1,0
31191,2437,1002,1435
31192,33,11,22
31193,1078,535,543
31194,214,98,116
31195,93,45,48
31196,15,15,0
31197,34,7,27
31198,2,2,0
31199,26,22,4
31200,736,325,411
31201,175456,82947,92509
31202,5530,2433,3097
31203,3,3,0
31204,29,18,11
31205,405,199,206
31206,2625,1368,1257
31207,191,90,101
31208,3439,1655,1784
31209,85,65,20
31210,31,8,23
31211,1,1,0
31212,30,29,1
31213,62,49,13
31214,30,29,1
31215,4849,2539,2310
31216,4056,1673,2383
31217,224,128,96
31219,44,25,19
31220,586,298,288
31221,1197,458,739
31222,3,3,0
31223,813,430,383
31224,584,293,291
31225,6,6,0
31226,501,217,284
31227,7857,3351,4506
31228,351,191,160
31229,11,11,0
31230,86,64,22
31231,63,39,24
31232,37361,18161,19200
31233,52,31,21
31234,54,20,34
31235,67,36,31
31236,683,307,376
31237,84,36,48
31238,66,55,11
31239,119,25,94
31240,350,152,198
31241,58,41,17
31242,146,74,72
31243,317,181,136
31244,44,27,17
31245,0,0,0
31246,73,31,42
31247,12,8,4
31248,36,14,22
31249,2099,1014,1085
31250,2086,974,1112
31251,3188,1492,1696
31252,5,2,3
31253,96,45,51
31254,2447,1255,1192
31255,41,4,37
31256,61,22,39
31257,688,281,407
31258,9500,4142,5358
31259,317,137,180
31260,690,351,339
31261,232,98,134
31262,132,47,85
31263,136,64,72
31264,116,70,46
31265,173,108,65
31901,19434,9078,10356
31902,4052,1572,2480
31903,10549,4996,5553
31904,1835,840,995
31905,3579,1637,1942
31906,3023,1452,1571
31907,9217,3728,5489
31908,919,463,456
32001,4361,1942,2419
32002,1600,904,696
32003,637,293,344
32004,970,515,455
32005,1131,625,506
32006,1434,738,696
32007,866,562,304
32008,5471,2462,3009
32009,14405,5751,8654
32010,409,241,168
32011,406,257,149
32012,1100,464,636
32013,2166,1165,1001
32014,1095,577,518
32015,746,433,313
32016,485,295,190
32017,1063,458,605
32018,1609,784,825
32019,15936,7616,8320
32020,2220,1283,937
32021,1358,665,693
32022,1146,643,503
32023,843,457,386
32024,6130,2881,3249
32025,781,448,333
32026,2711,1266,1445
32027,1099,587,512
32028,2475,1274,1201
32029,237,193,44
32030,1274,745,529
32031,1202,611,591
32032,13031,5575,7456
32033,675,414,261
32034,1475,727,748
32035,1273,649,624
32036,946,460,486
32037,697,301,396
32038,411,222,189
32039,1274,647,627
32040,1646,798,848
32041,509,257,252
32042,1837,1001,836
32043,2947,1144,1803
32044,741,494,247
32045,3310,1680,1630
32046,1442,867,575
32047,1285,580,705
32048,1055,665,390
32049,581,351,230
32050,3884,1946,1938
32051,1280,683,597
32052,1965,1097,868
32053,2586,1401,1185
32054,119589,52662,66927
32055,1008,526,482
32056,2126,1045,1081
32057,319,264,55
32058,4453,2194,2259
32059,1271,789,482
32060,1042,508,534
32061,1047,520,527
32062,751,437,314
32063,1711,859,852
32064,512,202,310
32065,669,363,306
32066,608,324,284
32067,1346,729,617
32068,1301,611,690
32069,6405,2874,3531
32070,263,146,117
32071,1663,917,746
32072,4514,2046,2468
32073,986,514,472
32074,1116,521,595
32075,3765,1726,2039
32076,1721,1024,697
32077,952,476,476
32078,1155,562,593
32079,1343,647,696
32080,141,78,63
32081,2108,1050,1058
32082,1712,825,887
32083,596,375,221
32084,923,448,475
32085,19765,8472,11293
32086,3087,1669,1418
32087,1131,626,505
32088,1455,851,604
32089,1046,500,546
32090,717,308,409
32091,2833,1475,1358
32092,590,432,158
33001,902,514,388
33002,12640,6205,6435
33003,652,390,262
33004,81468,37300,44168
33005,676,465,211
33006,1449,748,701
33007,1125,769,356
33008,1711,1040,671
33009,820,498,322
33010,1514,788,726
33011,9557,4638,4919
33012,6110,3200,2910
33013,409,261,148
33014,9401,4477,4924
33015,804,518,286
33016,19209,8422,10787
33017,2439,1212,1227
33018,2012,1107,905
33019,2270,1416,854
33020,17433,8000,9433
33021,4419,2201,2218
33022,1099,445,654
33023,2586,1286,1300
33024,294993,132799,162194
33025,7626,3680,3946
33026,9031,4745,4286
33027,505,258,247
33028,692,479,213
33029,215,152,63
33030,705,361,344
33031,51075,25913,25162
33032,13560,6840,6720
33033,12007,6183,5824
33034,9028,4903,4125
33035,11120,5160,5960
33036,13318,7183,6135
33037,48618,23705,24913
33038,2166,1098,1068
33039,1706,852,854
33040,4517,2351,2166
33041,5945,2668,3277
33042,4395,2038,2357
33043,628,389,239
33044,206880,98090,108790
33045,5112,2742,2370
33046,501,265,236
33047,903,525,378
33048,159,111,48
33049,6587,3743,2844
33050,446,258,188
33051,8230,4084,4146
33052,488,258,230
33053,677,415,262
33054,977,580,397
33055,1454,816,638
33056,5161,2567,2594
33057,2081,1243,838
33058,2008,1092,916
33059,2877,1740,1137
33060,20774,11193,9581
33061,216,152,64
33062,264,166,98
33063,278,158,120
33064,190,102,88
33065,778,396,382
33066,46692,21969,24723
33067,405,225,180
33068,489,342,147
33069,3911,1885,2026
33070,2620,1359,1261
33071,255,106,149
33072,996,507,489
33073,6615,3332,3283
33074,3430,1753,1677
33075,397,257,140
33076,10397,5296,5101
33077,711,484,227
33078,118,87,31
34001,9,0,9
34003,28,21,7
34004,6973,2828,4145
34005,959,430,529
34006,30,7,23
34009,9,0,9
34010,344,203,141
34011,231,116,115
34012,61,42,19
34015,11,11,0
34017,629,328,301
34018,87,40,47
34019,34,10,24
34020,40,28,12
34022,623,283,340
34023,7328,3620,3708
34024,28,23,5
34025,5,5,0
34027,1370,749,621
34028,85,44,41
34029,546,197,349
34031,18,7,11
34032,51,32,19
34033,1,1,0
34034,109,94,15
34035,53,37,16
34036,209,123,86
34037,162,114,48
34038,164,84,80
34039,15,15,0
34041,45,18,27
34042,188,68,120
34045,38,15,23
34046,15,1,14
34047,1741,825,916
34048,36,24,12
34049,292,193,99
34050,96,57,39
34051,18,10,8
34052,59,32,27
34053,150,80,70
34055,188,100,88
34056,1617,781,836
34057,152,93,59
34058,34,23,11
34059,308,173,135
34060,90,60,30
34061,10,4,6
34062,121,80,41
34063,71,38,33
34066,17,12,5
34067,93,65,28
34068,15,12,3
34069,2800,1444,1356
34070,24,7,17
34071,95,41,54
34072,72,11,61
34073,117,40,77
34074,447,282,165
34076,293,168,125
34077,249,121,128
34079,1193,507,686
34080,8524,4048,4476
34081,51,6,45
34082,26,11,15
34083,1659,799,860
34084,57,38,19
34086,89,34,55
34087,21,15,6
34088,87,52,35
34089,87,72,15
34091,29,5,24
34092,210,98,112
34093,32,24,8
34094,2,0,2
34096,9,2,7
34098,845,418,427
34099,24,18,6
34100,161,99,62
34101,41,22,19
34102,84,38,46
34103,40,29,11
34104,205,94,111
34106,18,15,3
34107,8,8,0
34108,653,359,294
34109,11,0,11
34110,91,57,34
34112,21,0,21
34113,6,0,6
34114,135,73,62
34116,21,21,0
34120,79262,35905,43357
34121,31,16,15
34122,83,37,46
34123,1843,788,1055
34124,26,11,15
34125,15,9,6
34126,211,119,92
34127,19,9,10
34129,166,115,51
34130,110,65,45
34131,8,8,0
34132,78,58,20
34133,70,28,42
34134,39,27,12
34135,304,165,139
34136,252,170,82
34137,3,3,0
34139,144,69,75
34140,30,24,6
34141,149,65,84
34143,129,59,70
34146,21,16,5
34147,121,49,72
34149,3,0,3
34151,83,47,36
34152,75,28,47
34154,44,30,14
34155,105,70,35
34156,7,0,7
34157,2919,1457,1462
34158,234,136,98
34159,266,156,110
34160,121,58,63
34161,0,0,0
34163,7,7,0
34165,10,10,0
34167,60,35,25
34168,11,7,4
34169,443,223,220
34170,21,21,0
34171,784,409,375
34174,69,30,39
34175,42,27,15
34176,122,59,63
34177,212,93,119
34178,2,2,0
34179,0,0,0
34180,39,29,10
34181,563,359,204
34182,890,514,376
34184,20,19,1
34185,34,34,0
34186,0,0,0
34189,6,6,0
34190,27,12,15
34192,61,35,26
34196,77,31,46
34199,1578,770,808
34201,70,42,28
34202,0,0,0
34204,7,1,6
34205,0,0,0
34206,646,329,317
34208,48,29,19
34210,21,18,3
34211,75,40,35
34213,16,16,0
34214,177,94,83
34215,126,70,56
34216,7,2,5
34217,1063,401,662
34218,272,133,139
34220,94,59,35
34221,57,56,1
34222,24,11,13
34223,133,75,58
34224,19,15,4
34225,5533,2545,2988
34227,7,7,0
34228,18,12,6
34229,33,24,9
34230,0,0,0
34231,83,48,35
34232,877,469,408
34233,85,76,9
34234,10,10,0
34236,51,33,18
34237,497,248,249
34238,145,60,85
34240,57,24,33
34241,3,3,0
34242,41,6,35
34243,227,144,83
34245,215,114,101
34246,35,35,0
34901,824,472,352
34902,39,23,16
34903,77,52,25
34904,304,204,100
35001,9262,4443,4819
35002,48792,23478,25314
35003,11265,5741,5524
35004,100615,52973,47642
35005,1176,547,629
35006,58996,27780,31216
35007,645,333,312
35008,11254,5222,6032
35009,41160,19896,21264
35010,5517,2929,2588
35011,50020,25123,24897
35012,21315,9849,11466
35013,11969,5746,6223
35014,26861,14259,12602
35015,19213,10713,8500
35016,609760,291126,318634
35017,56996,28151,28845
35018,22551,10968,11583
35019,70904,34267,36637
35020,11746,6799,4947
35021,19905,10150,9755
35022,118175,57295,60880
35023,21956,10263,11693
35024,19921,9477,10444
35025,1709,983,726
35026,178574,86025,92549
35027,15599,7342,8257
35028,18715,9134,9581
35029,6886,3740,3146
35030,17207,9113,8094
35031,12206,5737,6469
35032,4845,2550,2295
35033,10808,5374,5434
35034,13342,6981,6361
36001,3173,1810,1363
36002,4302,2399,1903
36003,12915,6303,6612
36004,13101,5942,7159
36005,13061,6507,6554
36006,16880,8594,8286
36007,2388,1256,1132
36008,34332,15453,18879
36009,6896,3552,3344
36010,4852,2241,2611
36011,1319,670,649
36012,4957,2628,2329
36013,2588,1591,997
36014,2022,1063,959
36015,6426,3658,2768
36016,578,298,280
36017,23507,11294,12213
36018,2559,1466,1093
36019,3018,1256,1762
36020,1546,762,784
36021,18176,8970,9206
36022,13930,6479,7451
36023,10699,5318,5381
36024,19976,9315,10661
36025,3173,1590,1583
36026,29200,13882,15318
36027,6519,3592,2927
36028,5556,2946,2610
36029,27580,13345,14235
36030,6222,3328,2894
36031,457,258,199
36032,5892,3079,2813
36033,19136,8483,10653
36034,5978,3092,2886
36035,18469,8961,9508
36036,3584,1789,1795
36037,4923,2101,2822
36038,92326,42910,49416
36039,27730,12325,15405
36040,3458,1796,1662
36041,17321,8796,8525
36042,33000,14443,18557
36043,7815,3614,4201
36044,4312,1846,2466
36045,33037,13486,19551
36046,6026,2962,3064
36047,1498,832,666
36048,8144,3756,4388
36049,12116,4864,7252
36050,12226,5588,6638
36051,17405,9109,8296
36052,6901,3553,3348
36053,10016,4287,5729
36054,18535,8755,9780
36055,22821,10234,12587
36056,8067,3458,4609
36057,367464,167287,200177
36058,7809,3950,3859
36059,4417,2469,1948
36060,51535,24101,27434
36061,12741,6862,5879
36901,4996,1727,3269
37001,117,65,52
37002,185,153,32
37003,66,42,24
37004,21,15,6
37005,46,15,31
37006,78,55,23
37007,210,93,117
37008,6181,2748,3433
37009,223,127,96
37010,565,321,244
37011,106,23,83
37012,120,53,67
37013,129,65,64
37014,967,519,448
37015,427,290,137
37016,645,244,401
37017,126,68,58
37018,131,38,93
37019,95,53,42
37020,405,184,221
37021,31,14,17
37022,413,168,245
37023,1325,495,830
37024,51,4,47
37025,184,76,108
37026,134,87,47
37027,226,115,111
37028,90,51,39
37029,338,165,173
37030,64,28,36
37031,202,132,70
37032,824,421,403
37033,107,55,52
37034,42,17,25
37035,164,86,78
37036,33,28,5
37037,81,54,27
37038,951,439,512
37039,206,90,116
37040,712,310,402
37041,16,16,0
37042,5,1,4
37044,351,203,148
37045,20,14,6
37046,19716,7757,11959
37047,86,32,54
37049,75,69,6
37050,5,4,1
37051,46,27,19
37052,222,70,152
37054,281,138,143
37055,49,31,18
37056,74,38,36
37057,212,33,179
37058,43,7,36
37059,61,48,13
37060,108,29,79
37061,211,107,104
37062,41,30,11
37063,30,6,24
37065,281,105,176
37067,2550,918,1632
37068,346,124,222
37069,1276,622,654
37070,707,371,336
37071,20,6,14
37072,128,70,58
37073,551,265,286
37074,192,114,78
37077,225,116,109
37078,898,321,577
37079,34,13,21
37080,401,156,245
37081,1401,672,729
37082,995,545,450
37083,263,120,143
37085,6742,2866,3876
37086,41,2,39
37087,729,330,399
37088,144,72,72
37089,44,8,36
37090,44,27,17
37091,88,24,64
37092,1876,731,1145
37096,320,163,157
37097,46,34,12
37098,405,233,172
37099,76,69,7
37100,16,16,0
37101,78,39,39
37102,421,264,157
37103,426,124,302
37104,2,2,0
37106,159,61,98
37107,17712,8009,9703
37108,77,36,41
37109,230,112,118
37110,73,53,20
37112,130,54,76
37113,220,64,156
37114,30,15,15
37115,92,44,48
37116,24,16,8
37117,1577,757,820
37118,212,91,121
37119,172,99,73
37120,78,28,50
37121,622,371,251
37122,180,59,121
37123,79,25,54
37124,147,75,72
37125,83,65,18
37126,31,8,23
37127,288,108,180
37128,242,142,100
37129,218,88,130
37130,88,64,24
37131,76,38,38
37132,433,272,161
37133,45,14,31
37134,249,116,133
37135,1036,476,560
37136,616,287,329
37137,22,13,9
37138,301,61,240
37139,214,74,140
37140,913,501,412
37141,72,39,33
37142,488,208,280
37143,300,90,210
37144,400,199,201
37145,351,164,187
37146,36,20,16
37147,147,89,58
37148,343,159,184
37149,5,5,0
37150,7,7,0
37151,95,49,46
37152,380,219,161
37154,49,33,16
37155,74,38,36
37156,5321,1754,3567
37157,49,49,0
37158,220,149,71
37159,23,12,11
37160,535,172,363
37161,111,45,66
37162,224,110,114
37163,62,19,43
37164,263,84,179
37165,21,6,15
37166,135,58,77
37167,23,10,13
37168,782,324,458
37169,230,139,91
37170,1915,1060,855
37171,376,149,227
37172,442,241,201
37173,1597,859,738
37174,944,494,450
37175,542,285,257
37176,173,54,119
37177,233,116,117
37178,42,24,18
37179,147,65,82
37180,28,28,0
37181,243,121,122
37182,45,23,22
37183,550,122,428
37184,197,99,98
37185,672,344,328
37186,61,16,45
37187,745,400,345
37188,175,71,104
37189,16,4,12
37190,24,22,2
37191,63,45,18
37192,405,161,244
37193,453,260,193
37194,137,83,54
37195,56,20,36
37196,45,33,12
37197,52,44,8
37198,202,124,78
37199,140,77,63
37200,113,24,89
37201,234,111,123
37202,1243,480,763
37203,49,20,29
37204,385,195,190
37205,119,56,63
37206,58,19,39
37207,209,121,88
37208,6,0,6
37209,550,230,320
37211,44,18,26
37212,184,84,100
37213,30,14,16
37214,56,49,7
37215,157,69,88
37216,287,70,217
37217,43,28,15
37218,0,0,0
37219,213,59,154
37221,584,278,306
37222,41,11,30
37223,42,39,3
37224,83,40,43
37225,54,29,25
37226,63,31,32
37228,432,152,280
37229,102,41,61
37230,242,120,122
37231,154,66,88
37232,547,158,389
37233,71,52,19
37234,575,309,266
37235,440,141,299
37236,46,27,19
37237,229,106,123
37238,164,83,81
37239,129,70,59
37240,1088,567,521
37241,141,93,48
37242,33,12,21
37243,86,43,43
37244,217,91,126
37245,472,194,278
37246,8308,3425,4883
37247,257,133,124
37248,87,32,55
37249,17,5,12
37250,387,246,141
37251,45,22,23
37252,70,43,27
37253,85,42,43
37254,107,51,56
37255,27,9,18
37256,283,102,181
37257,18,12,6
37258,121,81,40
37259,6,6,0
37260,84,31,53
37261,114,44,70
37262,17,15,2
37263,428,236,192
37264,100,70,30
37265,208,30,178
37266,15,5,10
37267,133,59,74
37268,114,30,84
37269,479,267,212
37270,117,48,69
37271,344,183,161
37272,115,49,66
37273,5,5,0
37274,175202,79645,95557
37275,88,55,33
37276,173,134,39
37277,2,2,0
37278,1128,501,627
37279,795,367,428
37280,32,12,20
37281,20,2,18
37282,198,93,105
37283,151,58,93
37284,269,115,154
37285,250,148,102
37286,248,121,127
37287,294,88,206
37288,197,98,99
37289,133,32,101
37290,88,43,45
37291,202,110,92
37292,27,10,17
37293,88,73,15
37294,17423,7706,9717
37296,237,77,160
37297,423,162,261
37298,68,26,42
37299,162,93,69
37300,402,159,243
37301,32,20,12
37302,260,172,88
37303,203,148,55
37304,95,58,37
37305,181,96,85
37306,153,105,48
37307,77,49,28
37309,7,1,6
37310,104,16,88
37311,110,80,30
37312,201,54,147
37313,667,288,379
37314,36,24,12
37315,98,47,51
37316,376,162,214
37317,343,139,204
37318,97,37,60
37319,63,37,26
37320,34,19,15
37321,45,25,20
37322,5564,2637,2927
37323,454,258,196
37324,230,123,107
37325,60,27,33
37327,193,87,106
37328,187,88,99
37329,13,0,13
37330,187,41,146
37331,130,71,59
37332,50,18,32
37333,202,68,134
37334,122,58,64
37335,492,207,285
37336,35,10,25
37337,10,9,1
37338,34,15,19
37339,61,28,33
37340,33,3,30
37341,74,20,54
37342,179,83,96
37343,84,23,61
37344,231,90,141
37345,58,31,27
37346,194,51,143
37347,513,260,253
37348,61,22,39
37349,62,13,49
37350,397,201,196
37351,338,129,209
37352,235,55,180
37353,101,57,44
37354,6673,2956,3717
37355,125,71,54
37356,65,53,12
37357,209,119,90
37358,122,56,66
37359,110,70,40
37360,186,72,114
37361,43,20,23
37362,5860,2414,3446
37363,58,15,43
37364,557,302,255
37365,113,40,73
37366,8,3,5
37367,116,67,49
37368,9,1,8
37369,192,101,91
37370,127,44,83
37371,388,211,177
37372,49,37,12
37373,508,169,339
37374,1743,644,1099
37375,1404,501,903
37376,2867,1060,1807
37377,124,45,79
37378,47,23,24
37379,302,104,198
37380,54,25,29
37381,60,34,26
37382,214,83,131
38001,44111,21440,22671
38002,887,505,382
38003,1766,994,772
38004,7863,3821,4042
38005,9277,5394,3883
38006,101045,50714,50331
38007,2392,1247,1145
38008,9251,4505,4746
38009,6184,3134,3050
38010,7330,3954,3376
38011,30761,14327,16434
38012,3222,1809,1413
38013,4828,2589,2239
38014,1691,871,820
38015,7604,4083,3521
38016,1628,847,781
38017,67288,35209,32079
38018,8751,4727,4024
38019,25734,13543,12191
38020,32094,16661,15433
38021,2388,1323,1065
38022,43917,23073,20844
38023,228409,115129,113280
38024,28421,13329,15092
38025,15344,8752,6592
38026,63868,34231,29637
38027,10594,5321,5273
38028,46355,22112,24243
38029,2170,1110,1060
38030,2619,1143,1476
38031,64536,32783,31753
38032,18579,9325,9254
38033,5107,2414,2693
38034,9125,4634,4491
38035,19411,9576,9835
38036,9940,5270,4670
38037,24912,12439,12473
38038,313436,155891,157545
38039,22994,12383,10611
38040,8582,4187,4395
38041,12539,7084,5455
38042,6753,3362,3391
38043,39389,21458,17931
38044,4835,2707,2128
38045,7488,3831,3657
38046,14335,7352,6983
38047,3044,1563,1481
38048,5100,2949,2151
38049,3902,2201,1701
38050,3393,1831,1562
38051,16572,9729,6843
38052,1877,1073,804
38053,6647,3324,3323
38901,1756,892,864
39001,2310,1380,930
39002,4364,2428,1936
39003,223,158,65
39004,1742,1098,644
39005,1385,695,690
39006,1938,1058,880
39007,375,223,152
39008,17343,9054,8289
39009,4097,2202,1895
39010,758,465,293
39011,1563,818,745
39012,7758,4343,3415
39013,276,162,114
39014,916,556,360
39015,397,260,137
39016,28961,14691,14270
39017,435,234,201
39018,6032,2965,3067
39019,2106,1143,963
39020,31354,14541,16813
39021,281,157,124
39022,1051,694,357
39023,8565,4121,4444
39024,2167,1114,1053
39025,10117,5213,4904
39026,1508,903,605
39027,2893,1390,1503
39028,3610,1783,1827
39029,602,285,317
39030,1975,1035,940
39031,1290,750,540
39032,840,462,378
39033,532,357,175
39034,153,96,57
39035,12437,6825,5612
39036,951,536,415
39037,1787,1088,699
39038,1835,953,882
39039,323,173,150
39040,3746,2293,1453
39041,1693,1004,689
39042,6219,3105,3114
39043,1741,852,889
39044,4094,2131,1963
39045,308,209,99
39046,1616,977,639
39047,2617,1438,1179
39048,1280,678,602
39049,247,168,79
39050,212,182,30
39051,49,33,16
39052,16604,8456,8148
39053,78,69,9
39054,5040,2596,2444
39055,950,525,425
39056,2176,1300,876
39057,2805,1540,1265
39058,862,479,383
39059,9269,4453,4816
39060,7980,4073,3907
39061,3269,1796,1473
39062,1336,679,657
39063,913,639,274
39064,1332,651,681
39065,223,160,63
39066,711,474,237
39067,847,491,356
39068,539,299,240
39069,2017,1221,796
39070,77,55,22
39071,411,300,111
39072,438,243,195
39073,8114,4182,3932
39074,8335,4622,3713
39075,170547,87456,83091
39076,3078,1579,1499
39077,180,122,58
39078,1138,708,430
39079,12881,7245,5636
39080,4223,2248,1975
39081,368,243,125
39082,1262,738,524
39083,699,402,297
39084,644,385,259
39085,8081,4238,3843
39086,272,201,71
39087,62901,32914,29987
39088,39,36,3
39089,113,98,15
39090,807,502,305
39091,1865,1218,647
39092,855,449,406
39093,132,72,60
39094,469,286,183
39095,2938,1694,1244
39096,287,160,127
39097,661,474,187
39098,947,647,300
39099,2998,1626,1372
39100,789,491,298
39101,215,150,65
39102,2317,1293,1024
40001,396,209,187
40002,19,6,13
40003,107,65,42
40004,352,173,179
40005,0,0,0
40006,0,0,0
40007,51,38,13
40008,5,1,4
40009,10,10,0
40010,32,21,11
40012,149,68,81
40013,7,4,3
40014,0,0,0
40015,4,4,0
40016,14,8,6
40017,58,22,36
40018,28,9,19
40019,17,5,12
40020,98,56,42
40021,13,12,1
40022,95,58,37
40024,506,256,250
40025,88,46,42
40026,85,27,58
40028,45,37,8
40029,19,6,13
40030,332,185,147
40031,707,306,401
40032,538,263,275
40033,45,11,34
40034,35,12,23
40035,100,52,48
40036,388,194,194
40037,19,12,7
40039,180,113,67
40040,3012,1562,1450
40041,910,415,495
40043,1428,741,687
40044,56,43,13
40045,142,91,51
40046,67,45,22
40047,0,0,0
40048,9,6,3
40049,28,7,21
40051,9,9,0
40052,47,33,14
40053,47,36,11
40054,125,86,39
40055,8,4,4
40056,38,22,16
40057,1210,578,632
40058,134,73,61
40059,54,42,12
40060,4,0,4
40061,28,28,0
40062,13,1,12
40063,8844,4560,4284
40065,406,285,121
40068,18,8,10
40069,8,3,5
40070,131,79,52
40071,3,3,0
40072,159,72,87
40073,367,145,222
40074,122,47,75
40075,108,58,50
40076,8952,4864,4088
40077,868,359,509
40078,87,38,49
40079,156,68,88
40080,46,29,17
40081,69,27,42
40082,19,9,10
40083,90,47,43
40084,29,13,16
40086,649,353,296
40087,34,21,13
40088,238,109,129
40089,146,50,96
40091,31,19,12
40092,58,41,17
40093,61,46,15
40094,419,207,212
40095,419,168,251
40097,193,138,55
40099,30,18,12
40100,183,123,60
40101,1290,516,774
40103,94,40,54
40104,459,216,243
40105,62,33,29
40106,74,38,36
40107,102,34,68
40108,25,11,14
40109,18,8,10
40110,303,180,123
40111,35,19,16
40112,2623,1156,1467
40113,396,213,183
40115,12,0,12
40118,8,4,4
40119,224,102,122
40120,21,8,13
40121,134,78,56
40122,540,266,274
40123,197,138,59
40124,117,60,57
40125,24,13,11
40126,35,12,23
40127,24,9,15
40128,134,60,74
40129,66,25,41
40130,9,9,0
40131,34,6,28
40132,23,23,0
40134,663,343,320
40135,157,104,53
40136,121,52,69
40138,2041,1015,1026
40139,193,124,69
40140,31,26,5
40141,714,250,464
40142,4,1,3
40143,16,16,0
40144,2,2,0
40145,758,419,339
40146,220,125,95
40148,206,129,77
40149,347,185,162
40150,2,0,2
40151,152,83,69
40152,905,420,485
40154,2,0,2
40155,3723,1522,2201
40156,189,119,70
40157,24,18,6
40158,4,4,0
40159,84,57,27
40160,76,49,27
40161,16,7,9
40162,568,334,234
40163,14,6,8
40164,39,12,27
40165,68,68,0
40166,185,87,98
40168,3,1,2
40170,2218,1348,870
40171,23,23,0
40172,0,0,0
40173,215,78,137
40174,203,110,93
40176,265,148,117
40177,48,26,22
40178,53,31,22
40179,765,390,375
40180,141,51,90
40181,4423,1935,2488
40182,82,61,21
40183,85,41,44
40184,183,91,92
40185,689,427,262
40186,18,15,3
40188,41,2,39
40189,442,269,173
40190,24,4,20
40191,138,57,81
40192,87,62,25
40193,115,37,78
40194,48929,25303,23626
40195,567,293,274
40196,6,2,4
40198,9,8,1
40199,6,0,6
40200,103,57,46
40201,3,3,0
40202,25,22,3
40203,1070,505,565
40204,80,27,53
40205,165,83,82
40206,109,64,45
40207,619,292,327
40208,824,405,419
40210,32,20,12
40211,26,3,23
40212,8,8,0
40213,11,3,8
40214,115,45,70
40215,70,38,32
40216,681,262,419
40218,8,6,2
40219,310,189,121
40220,18,8,10
40221,49,14,35
40222,153,100,53
40223,176,128,48
40224,15,11,4
40225,1406,745,661
40228,609,405,204
40229,0,0,0
40230,84,39,45
40231,75,32,43
40233,579,293,286
40234,175,96,79
40901,253,123,130
40902,8,0,8
40903,70,31,39
40904,210,97,113
40905,3,3,0
40906,2446,1014,1432
41001,1512,797,715
41002,1589,758,831
41003,4697,2335,2362
41004,118713,50872,67841
41005,14520,8459,6061
41006,1841,1130,711
41007,27410,13438,13972
41008,1317,827,490
41009,1915,668,1247
41010,7559,3566,3993
41011,22579,13063,9516
41012,4250,2263,1987
41013,9832,4309,5523
41014,1907,1503,404
41015,8764,4945,3819
41016,13095,6371,6724
41017,24802,10264,14538
41018,12636,7017,5619
41019,8794,4512,4282
41020,27429,17381,10048
41021,47835,22553,25282
41022,2731,1741,990
41023,11478,6925,4553
41024,39247,19848,19399
41025,2346,1048,1298
41026,4650,2613,2037
41027,8067,3759,4308
41028,2411,926,1485
41029,26387,11724,14663
41030,562,343,219
41031,2160,1030,1130
41032,5095,2220,2875
41033,5774,2958,2816
41034,49966,25622,24344
41035,1005,521,484
41036,5067,3311,1756
41037,3745,2333,1412
41038,193793,83402,110391
41039,55637,29780,25857
41040,11871,4859,7012
41041,13618,5659,7959
41042,5479,3158,2321
41043,1205,683,522
41044,11737,5151,6586
41045,9963,4373,5590
41046,2803,1846,957
41047,14603,6417,8186
41048,2315,1182,1133
41049,18545,10002,8543
41050,5605,3056,2549
41051,3125,1582,1543
41052,4498,2889,1609
41053,41048,23049,17999
41054,617,286,331
41055,16933,9576,7357
41056,4351,2590,1761
41057,170,82,88
41058,32013,13888,18125
41059,53302,23257,30045
41060,27710,12896,14814
41061,1339,881,458
41062,2216,1494,722
41063,4935,3111,1824
41064,7625,4981,2644
41065,41473,20044,21429
41066,1257,623,634
41067,15048,7695,7353
41068,18659,9385,9274
41069,57065,35620,21445
41070,8035,3825,4210
41071,6287,3846,2441
41072,4577,2665,1912
41073,3240,1587,1653
41074,2213,1451,762
41075,14089,7837,6252
41076,1578,1070,508
41077,14242,7741,6501
41078,1875,1174,701
41079,22678,11919,10759
41080,2024,752,1272
41081,56715,26531,30184
41082,3439,1641,1798
41083,1535,755,780
41084,2550,1332,1218
41085,6572,2746,3826
41086,38090,18553,19537
41087,20974,9643,11331
41088,676,397,279
41089,14543,6406,8137
41090,4068,2361,1707
41091,950297,429932,520365
41092,7998,4891,3107
41093,21933,9497,12436
41094,11794,5778,6016
41095,88459,42960,45499
41096,9650,4453,5197
41097,3232,1903,1329
41098,10352,4801,5551
41099,6979,3889,3090
41100,1046,676,370
41101,8286,5321,2965
41102,29806,13343,16463
41901,2475,1379,1096
41902,5338,3060,2278
41903,15608,8832,6776
42001,280,109,171
42003,26,2,24
42004,1907,740,1167
42006,48,35,13
42007,54,28,26
42008,19,2,17
42009,11,11,0
42010,11,6,5
42011,12,12,0
42012,8,6,2
42013,0,0,0
42014,1,1,0
42015,0,0,0
42016,0,0,0
42017,86,54,32
42018,15,5,10
42019,225,165,60
42020,5110,2347,2763
42021,14,10,4
42022,77,61,16
42023,18,9,9
42024,13,13,0
42025,1221,648,573
42026,0,0,0
42027,25,19,6
42028,15,7,8
42029,50,10,40
42030,8,0,8
42031,3,2,1
42032,73,23,50
42033,12,0,12
42034,12,7,5
42035,364,207,157
42036,19,4,15
42037,0,0,0
42038,0,0,0
42039,100,38,62
42041,0,0,0
42042,3,3,0
42043,3945,1651,2294
42044,33,23,10
42045,196,117,79
42046,18,0,18
42048,0,0,0
42049,13,13,0
42050,0,0,0
42051,3,3,0
42052,3,3,0
42053,15,14,1
42054,0,0,0
42055,132,85,47
42056,2,2,0
42057,19,18,1
42058,14,14,0
42059,0,0,0
42060,8,8,0
42061,169,108,61
42062,0,0,0
42063,1,0,1
42064,0,0,0
42065,0,0,0
42068,12,0,12
42069,1590,701,889
42070,17,13,4
42071,20,13,7
42073,0,0,0
42075,40,18,22
42076,47,11,36
42078,635,308,327
42079,0,0,0
42080,34,13,21
42081,180,78,102
42082,0,0,0
42083,0,0,0
42084,0,0,0
42085,59,42,17
42086,0,0,0
42087,36,20,16
42088,6,6,0
42089,6,4,2
42090,14,9,5
42092,37,23,14
42093,27,10,17
42094,204,88,116
42095,1380,497,883
42096,167,92,75
42097,3,0,3
42098,0,0,0
42100,0,0,0
42103,342,141,201
42105,28,5,23
42106,1,0,1
42107,30,23,7
42108,0,0,0
42110,42,34,8
42111,126,54,72
42113,325,182,143
42115,29,14,15
42116,0,0,0
42117,122,62,60
42118,12,12,0
42119,99,75,24
42120,39,26,13
42121,27,12,15
42123,111,59,52
42124,17,17,0
42125,19,7,12
42127,36,12,24
42128,29,0,29
42129,428,214,214
42130,27,13,14
42131,1,0,1
42132,74,55,19
42134,2397,1025,1372
42135,17,7,10
42139,0,0,0
42140,0,0,0
42141,32,21,11
42142,10,7,3
42144,227,149,78
42145,128,62,66
42148,0,0,0
42149,275,140,135
42151,2,0,2
42152,59,41,18
42153,1,0,1
42154,51,24,27
42155,67,40,27
42156,17,9,8
42157,0,0,0
42158,53,28,25
42159,0,0,0
42160,92,65,27
42161,103,70,33
42162,1674,770,904
42163,50,16,34
42164,1491,637,854
42165,413,235,178
42166,0,0,0
42167,222,94,128
42168,47,32,15
42171,40,26,14
42172,0,0,0
42173,33204,16570,16634
42174,111,62,49
42175,11,9,2
42176,1,1,0
42177,9,0,9
42178,21,15,6
42181,182,135,47
42182,0,0,0
42183,36,12,24
42184,1,0,1
42185,5,5,0
42187,6,6,0
42188,19,7,12
42189,64,35,29
42190,62,40,22
42191,44,19,25
42192,1,1,0
42193,0,0,0
42194,95,57,38
42195,60,34,26
42196,0,0,0
42197,10,10,0
42198,4,4,0
42200,16,4,12
42201,1,1,0
42202,0,0,0
42204,16,14,2
42205,32,32,0
42206,0,0,0
42207,7,1,6
42208,1,1,0
42209,35,15,20
42211,11,4,7
42212,3,3,0
42213,12,0,12
42215,693,346,347
42216,0,0,0
42217,14,14,0
42218,98,51,47
42219,18,6,12
43001,923,496,427
43002,3344,1708,1636
43003,198,91,107
43004,7426,4190,3236
43005,4861,2554,2307
43006,656,394,262
43007,530,267,263
43008,390,237,153
43009,1868,965,903
43010,321,172,149
43011,619,265,354
43012,3591,1889,1702
43013,5673,2945,2728
43014,23684,13709,9975
43015,38,36,2
43016,6888,3683,3205
43017,106,66,40
43018,162,84,78
43019,706,404,302
43020,3149,1508,1641
43021,327,158,169
43022,872,383,489
43023,305,111,194
43024,2420,1287,1133
43025,501,310,191
43026,745,430,315
43027,118,66,52
43028,4664,2376,2288
43029,203,109,94
43030,815,430,385
43031,1650,844,806
43032,299,128,171
43033,854,410,444
43034,435,236,199
43035,260,133,127
43036,1325,596,729
43037,29246,15118,14128
43038,29795,15050,14745
43039,84,43,41
43040,196,92,104
43041,173,114,59
43042,1480,711,769
43043,3176,1611,1565
43044,7741,4197,3544
43045,162,89,73
43046,63,20,43
43047,7997,4956,3041
43048,532,313,219
43049,709,430,279
43050,4076,2182,1894
43051,13949,7320,6629
43052,1193,674,519
43053,248,162,86
43054,2976,1587,1389
43055,2629,1354,1275
43056,716,282,434
43057,41,12,29
43058,72,72,0
43059,246,154,92
43060,2047,1252,795
43061,15,15,0
43062,228,130,98
43063,660,366,294
43064,2040,1237,803
43065,395,237,158
43066,141,96,45
43067,765,437,328
43068,481,257,224
43069,110,79,31
43070,145,88,57
43071,709,375,334
43072,92,38,54
43073,60,30,30
43074,1984,1009,975
43075,25,18,7
43076,410,178,232
43077,345,245,100
43078,924,490,434
43079,654,388,266
43080,160,51,109
43081,362,218,144
43082,264,152,112
43083,74,22,52
43084,481,232,249
43085,128,74,54
43086,5627,2918,2709
43088,2092,1141,951
43089,564,319,245
43090,2279,1239,1040
43091,128,69,59
43092,13128,6822,6306
43093,5575,2886,2689
43094,2777,1525,1252
43095,3125,1599,1526
43096,101,56,45
43097,382,211,171
43098,289,128,161
43099,240,117,123
43100,3199,1452,1747
43101,39,20,19
43102,490,281,209
43103,964,413,551
43104,1896,1195,701
43105,173,92,81
43106,639,403,236
43107,251,104,147
43108,2503,1181,1322
43109,2509,1229,1280
43110,162,80,82
43111,3393,1705,1688
43112,216,135,81
43113,560,295,265
43114,164,86,78
43115,127,64,63
43116,312,159,153
43117,83,48,35
43118,587,284,303
43119,872,438,434
43120,563,291,272
43121,443,259,184
43122,41,29,12
43123,118173,64545,53628
43124,445,239,206
43125,696,402,294
43126,1275,590,685
43127,711,345,366
43128,948,595,353
43129,5137,3002,2135
43130,146,84,62
43131,6689,3631,3058
43132,392,217,175
43133,8803,5056,3747
43134,281,136,145
43135,205,121,84
43136,12683,6801,5882
43137,3002,1445,1557
43138,3922,2307,1615
43139,2857,1531,1326
43140,4624,2319,2305
43141,78,36,42
43142,1361,812,549
43143,0,0,0
43144,1092,497,595
43145,4122,1987,2135
43146,42,23,19
43147,257,103,154
43148,136238,73420,62818
43149,700,315,385
43150,1206,588,618
43151,87,62,25
43152,427,268,159
43153,17083,8979,8104
43154,135,80,55
43155,37881,21658,16223
43156,6748,3968,2780
43157,205,128,77
43158,74,41,33
43159,51,41,10
43160,1638,789,849
43161,26465,13748,12717
43162,4655,2384,2271
43163,51561,27149,24412
43164,599,302,297
43165,473,251,222
43166,1853,974,879
43167,349,169,180
43168,86,29,57
43169,274,166,108
43170,1008,570,438
43171,21759,12078,9681
43172,389,197,192
43173,58,22,36
43174,143,54,89
43175,317,181,136
43176,602,320,282
43177,487,240,247
43178,1479,869,610
43901,14187,8631,5556
43902,3601,2216,1385
43903,3360,2217,1143
43904,3651,2407,1244
43905,23356,12884,10472
43906,2609,1309,1300
43907,3127,1796,1331
44001,8,6,2
44002,25,17,8
44003,4,3,1
44004,524,311,213
44005,26,9,17
44006,150,123,27
44007,110,77,33
44008,1405,828,577
44009,596,322,274
44010,218,141,77
44011,17,1,16
44012,362,195,167
44013,16592,8643,7949
44014,2548,1641,907
44016,176,102,74
44017,146,60,86
44018,0,0,0
44019,24,16,8
44020,4,4,0
44021,38,21,17
44022,398,223,175
44023,12,12,0
44024,1,1,0
44025,7642,4158,3484
44026,46,33,13
44027,85,45,40
44028,29,26,3
44029,517,356,161
44031,39,25,14
44032,1,1,0
44033,157,122,35
44034,24,4,20
44035,29,14,15
44036,6,6,0
44037,305,187,118
44038,43,26,17
44039,51,31,20
44040,169,83,86
44041,15,7,8
44042,24,5,19
44043,33,33,0
44044,97,83,14
44045,203,81,122
44046,26,22,4
44047,52,29,23
44048,98,61,37
44049,572,284,288
44050,3761,2109,1652
44051,3685,2044,1641
44052,23,23,0
44053,57,21,36
44054,114,74,40
44055,92,70,22
44056,312,203,109
44059,307,153,154
44060,7,3,4
44061,74,46,28
44062,0,0,0
44063,111,61,50
44064,74,50,24
44065,10,7,3
44066,53,22,31
44067,70,4,66
44068,703,386,317
44070,14,12,2
44071,569,355,214
44074,345,166,179
44075,309,171,138
44076,2183,1197,986
44077,63,30,33
44080,174,78,96
44082,74,28,46
44084,8,3,5
44085,10,10,0
44086,330,175,155
44087,70,47,23
44088,26,22,4
44089,45,19,26
44090,32,32,0
44092,44,25,19
44093,90,44,46
44094,59,35,24
44096,118,81,37
44097,34,28,6
44099,1495,808,687
44100,223,133,90
44101,1,1,0
44102,6,0,6
44103,100,31,69
44105,83,63,20
44106,189,115,74
44107,193,98,95
44108,366,206,160
44109,119,53,66
44110,0,0,0
44111,64,48,16
44112,304,236,68
44113,210,121,89
44114,189,133,56
44115,67,46,21
44116,37,9,28
44117,243,133,110
44118,108,68,40
44119,81,39,42
44120,124,52,72
44121,43,15,28
44122,1679,874,805
44123,83,53,30
44124,33,21,12
44125,21,21,0
44126,356,260,96
44127,1,1,0
44128,13,2,11
44129,41,15,26
44130,11,2,9
44131,8,6,2
44132,9,1,8
44133,5,2,3
44135,41,19,22
44136,10,10,0
44137,73,54,19
44138,42,27,15
44141,41,19,22
44142,3,3,0
44143,366,208,158
44144,333,166,167
44145,952,513,439
44146,201,128,73
44147,268,171,97
44148,42,20,22
44149,79,48,31
44150,6,6,0
44151,139,87,52
44152,13,12,1
44153,2315,1253,1062
44154,222,161,61
44155,1172,530,642
44156,25,6,19
44157,3,3,0
44158,1538,567,971
44159,36,24,12
44160,549,311,238
44161,271,193,78
44163,124,29,95
44164,6,6,0
44165,99,40,59
44167,40,32,8
44168,36,2,34
44169,203,77,126
44171,338,189,149
44172,108,82,26
44173,73,40,33
44174,378,140,238
44175,113,48,65
44176,90,72,18
44177,32,24,8
44178,63,28,35
44179,243,168,75
44180,29,26,3
44181,19,7,12
44182,196,126,70
44183,24,2,22
44184,24,24,0
44185,71,63,8
44187,94,45,49
44189,20,11,9
44190,38,32,6
44191,845,538,307
44192,239,132,107
44193,192,125,67
44194,54,14,40
44195,14,14,0
44196,75,45,30
44197,4,4,0
44198,145,60,85
44199,14,6,8
44200,12,0,12
44201,479,218,261
44203,13,13,0
44204,15,3,12
44205,459,295,164
44206,177,105,72
44207,121,107,14
44208,34,18,16
44209,600,368,232
44210,783,405,378
44211,0,0,0
44212,20,18,2
44213,37,37,0
44215,98,38,60
44216,29444,14966,14478
44217,6,2,4
44218,0,0,0
44219,62,37,25
44220,64,33,31
44221,168,87,81
44222,6,6,0
44223,68,52,16
44224,17,0,17
44225,53,41,12
44226,61,35,26
44227,14,8,6
44228,56,24,32
44229,117,46,71
44230,154,58,96
44231,51,18,33
44232,355,245,110
44234,35,29,6
44235,84,40,44
44236,107,80,27
44237,292,139,153
44238,3846,1751,2095
44239,9,7,2
44240,100,76,24
44241,445,185,260
44243,29,21,8
44244,69,45,24
44245,156,96,60
44246,1593,905,688
44247,135,68,67
44249,41,26,15
44250,1,1,0
44251,186,134,52
44252,53,14,39
44256,20,0,20
44257,55,15,40
44258,16,16,0
44260,110,82,28
44261,671,321,350
44262,42,11,31
44263,484,310,174
44264,346,253,93
44265,181,95,86
44266,20,7,13
44267,33,22,11
44268,16,8,8
45001,3588,1872,1716
45002,5041,2642,2399
45003,883,442,441
45004,1195,596,599
45005,338,151,187
45006,3674,1746,1928
45007,1812,807,1005
45008,191,112,79
45009,625,312,313
45010,396,232,164
45011,370,224,146
45012,938,496,442
45013,3493,2119,1374
45014,8588,4868,3720
45015,954,430,524
45016,5736,2619,3117
45017,737,324,413
45018,1226,462,764
45019,11916,6376,5540
45020,1579,714,865
45021,4092,2205,1887
45022,585,303,282
45023,3333,1525,1808
45024,1950,1012,938
45025,3045,1526,1519
45026,195,93,102
45027,285,186,99
45028,7963,3285,4678
45029,132,64,68
45030,728,360,368
45031,4714,2257,2457
45032,918,377,541
45033,494,323,171
45034,2260,1275,985
45035,721,399,322
45036,925,494,431
45037,2427,1283,1144
45038,5946,2466,3480
45039,233,86,147
45040,2961,1556,1405
45041,6083,3398,2685
45042,127,69,58
45043,895,406,489
45045,3071,1585,1486
45046,7071,3369,3702
45047,5208,2416,2792
45048,643,259,384
45049,616,326,290
45050,991,537,454
45051,3248,1600,1648
45052,2980,1231,1749
45053,14334,6306,8028
45054,6468,3632,2836
45055,1793,979,814
45056,6615,3446,3169
45057,445,144,301
45058,468,253,215
45059,2945,1464,1481
45060,253,135,118
45061,4558,2256,2302
45062,1869,1096,773
45063,509,265,244
45064,6534,3024,3510
45065,143,85,58
45066,14518,7492,7026
45067,3810,1852,1958
45068,212,136,76
45069,3300,1640,1660
45070,1916,1073,843
45071,4407,2081,2326
45072,1419,646,773
45073,254,84,170
45074,647,349,298
45075,172,79,93
45076,1196,551,645
45077,984,386,598
45078,3079,1589,1490
45079,500,285,215
45080,0,0,0
45081,29374,13262,16112
45082,1670,847,823
45083,345,128,217
45084,4832,2491,2341
45085,3137,1588,1549
45086,1090,512,578
45087,13661,7309,6352
45088,5183,2614,2569
45089,3508,1761,1747
45090,599,319,280
45091,685,381,304
45092,155,61,94
45093,217,122,95
45094,557,290,267
45095,969,444,525
45096,1646,840,806
45097,2151,915,1236
45098,3514,1789,1725
45099,6220,2841,3379
45100,342,154,188
45101,7602,4247,3355
45102,6650,3695,2955
45103,300,170,130
45104,844,387,457
45105,573,224,349
45106,14413,6852,7561
45107,4535,2192,2343
45108,501,328,173
45109,6051,2829,3222
45110,4137,1767,2370
45111,44,20,24
45112,3236,1502,1734
45113,2504,1001,1503
45114,741,432,309
45115,3847,2100,1747
45116,1388,708,680
45117,1523,713,810
45118,3900,1884,2016
45119,7500,3600,3900
45120,108,72,36
45121,16143,8217,7926
45122,6873,3358,3515
45123,4201,1988,2213
45124,2641,1186,1455
45125,3250,1536,1714
45126,580,280,300
45127,1383,794,589
45128,5026,2467,2559
45129,72,20,52
45130,371,204,167
45131,412,207,205
45132,2397,1017,1380
45133,4837,2358,2479
45134,2613,1567,1046
45135,7907,4451,3456
45136,11686,5869,5817
45137,3790,1501,2289
45138,2412,1090,1322
45139,240,161,79
45140,1908,964,944
45141,1606,826,780
45142,14567,7882,6685
45143,2333,1335,998
45144,1284,766,518
45145,5065,2903,2162
45146,69,52,17
45147,1081,479,602
45148,249,136,113
45149,743,392,351
45150,871,366,505
45151,802,447,355
45152,994,519,475
45153,3290,1368,1922
45154,2536,1159,1377
45155,436,221,215
45156,3990,1906,2084
45157,3415,1821,1594
45158,5244,2675,2569
45159,114,79,35
45160,2186,929,1257
45161,22312,10044,12268
45162,562,328,234
45163,15446,7628,7818
45164,203,104,99
45165,154457,67410,87047
45166,2006,1018,988
45167,2322,1078,1244
45168,69140,33874,35266
45169,409,169,240
45170,309,191,118
45171,1527,744,783
45172,921,549,372
45173,15923,7512,8411
45174,412,175,237
45175,863,492,371
45176,6713,2901,3812
45177,3952,1872,2080
45179,587,295,292
45180,4355,1986,2369
45181,5457,2574,2883
45182,1685,882,803
45183,3991,1834,2157
45184,325,195,130
45185,17588,9148,8440
45186,5893,2638,3255
45187,8059,4256,3803
45188,5529,2754,2775
45189,1310,684,626
45190,662,278,384
45191,912,382,530
45192,3180,1485,1695
45193,807,371,436
45194,61,27,34
45195,2517,1321,1196
45196,2564,1281,1283
45197,3673,1914,1759
45198,3461,1975,1486
45199,5804,2913,2891
45200,6232,2892,3340
45201,8742,4433,4309
45202,7194,3875,3319
45203,5535,2683,2852
45204,939,438,501
45205,15730,7405,8325
45901,1599,829,770
46001,831,451,380
46002,1505,879,626
46003,1198,680,518
46004,3065,1277,1788
46005,47918,23132,24786
46006,8030,3888,4142
46007,22520,11357,11163
46008,4520,2464,2056
46009,4136,2169,1967
46010,1138,533,605
46011,13874,6945,6929
46012,1386,751,635
46013,20924,9557,11367
46014,4219,2064,2155
46015,11440,5957,5483
46016,1454,749,705
46017,58722,27880,30842
46018,475,259,216
46019,11346,5979,5367
46020,7530,3659,3871
46021,47859,24364,23495
46022,32483,16765,15718
46023,344,179,165
46024,552,337,215
46025,3588,1930,1658
46026,999,504,495
46027,1252,501,751
46028,487,250,237
46029,36699,19459,17240
46030,626,271,355
46031,16767,9465,7302
46032,8576,4149,4427
46033,317,178,139
46034,3312,1697,1615
46035,8104,3444,4660
46036,518,251,267
46037,1696,867,829
46038,309,211,98
46039,2748,1605,1143
46040,1478,718,760
46041,297,126,171
46042,5421,2708,2713
46043,133,89,44
46044,6498,2647,3851
46045,1532,974,558
46046,1049,630,419
46047,783,372,411
46048,5475,3017,2458
46049,454,237,217
46050,196,85,111
46051,14460,7965,6495
46052,408,182,226
46053,762,376,386
46054,22506,11883,10623
46055,2154,1016,1138
46056,238,139,99
46057,456,255,201
46058,2308,1252,1056
46059,1282,686,596
46060,12440,6220,6220
46061,658,286,372
46062,7133,3774,3359
46063,2575,1406,1169
46064,1148,526,622
46065,2687,1375,1312
46066,1698,911,787
46067,2987,1546,1441
46068,443,177,266
46069,205,53,152
46070,20419,10612,9807
46071,495,256,239
46072,5435,2383,3052
46073,1907,957,950
46074,4545,2406,2139
46075,240,119,121
46076,609,280,329
46077,10622,5733,4889
46078,54616,28019,26597
46079,549,351,198
46080,1089,560,529
46081,22559,10853,11706
46082,4287,2126,2161
46083,28558,13439,15119
46084,1937,1001,936
46085,18774,10490,8284
46086,107,64,43
46087,167,87,80
46088,210,106,104
46089,2855,1565,1290
46090,2086,1256,830
46091,104,55,49
46092,344,178,166
46093,3072,1622,1450
46094,37686,18194,19492
46095,565,280,285
46096,764,423,341
46097,508,282,226
46098,3239,1898,1341
46099,571,345,226
46100,526,288,238
46101,847,398,449
46102,38609,19876,18733
46103,1116,602,514
46104,2028,1141,887
46105,28382,15258,13124
46106,2303,1152,1151
46107,3754,2152,1602
46108,651,333,318
46109,8361,4557,3804
46110,43864,22326,21538
46111,17634,8577,9057
46112,555,299,256
46113,2990,1586,1404
46114,960,502,458
46115,553,306,247
46116,14085,6624,7461
46117,649,329,320
46118,6240,3047,3193
46119,1003,489,514
46120,1004,590,414
46121,168,69,99
46122,3516,1800,1716
46123,2938,1345,1593
46124,835,332,503
46125,1517,813,704
46126,8031,4151,3880
46127,4660,2938,1722
46128,2344,1075,1269
46129,517,290,227
46130,1482,776,706
46131,100103,50983,49120
46132,3389,1660,1729
46133,627,381,246
46134,3664,1826,1838
46135,9703,4653,5050
46136,3390,1714,1676
46137,261,136,125
46138,424,214,210
46139,4891,2781,2110
46140,516,193,323
46141,485,255,230
46142,722,417,305
46143,5688,3554,2134
46144,793,509,284
46145,37805,18706,19099
46146,1872,897,975
46147,31151,15969,15182
46148,1919,933,986
46149,480,170,310
46150,2740,1717,1023
46151,1029,521,508
46152,173,122,51
46153,518,240,278
46154,1432,684,748
46155,1766,982,784
46156,2912,1608,1304
46157,4349,2483,1866
46158,1658,904,754
46159,44772,23167,21605
46160,2978,1442,1536
46161,2375,1198,1177
46162,2334,1209,1125
46163,2467,1231,1236
46164,21791,11473,10318
46165,11949,6054,5895
46166,12641,6257,6384
46167,678,320,358
46168,2543,1292,1251
46169,60836,29134,31702
46170,5399,2552,2847
46171,28036,15600,12436
46172,7562,4084,3478
46173,2474,1232,1242
46174,1774,740,1034
46175,511,257,254
46176,3716,1961,1755
46177,7647,3859,3788
46178,5470,2756,2714
46179,3595,2050,1545
46180,1021,598,423
46181,32392,17846,14546
46182,1613,840,773
46183,12023,6497,5526
46184,49934,22698,27236
46185,394,241,153
46186,34358,16276,18082
46187,1526,916,610
46188,1091,525,566
46189,646,241,405
46190,89632,44282,45350
46191,3155,1765,1390
46192,1073,468,605
46193,11656,5533,6123
46194,26755,13708,13047
46195,2917,1469,1448
46196,230,137,93
46197,2998,1552,1446
46198,1007,622,385
46199,8256,4100,4156
46200,1821,1031,790
46201,33,13,20
46202,27102,13156,13946
46203,4946,2626,2320
46204,8605,4193,4412
46205,19246,9716,9530
46206,755,463,292
46207,9879,4827,5052
46208,1777,916,861
46209,2394,1124,1270
46210,318,194,124
46211,2032,1049,983
46212,2040,1088,952
46213,23680,12363,11317
46214,24772,13010,11762
46215,2449,1298,1151
46216,5139,2541,2598
46217,1465,647,818
46218,1318,687,631
46219,93,65,28
46220,80169,41738,38431
46221,361,232,129
46222,617,344,273
46223,13804,6890,6914
46224,168,100,68
46225,502,262,240
46226,38,20,18
46227,1260,693,567
46228,3349,1836,1513
46229,1397,782,615
46230,29613,15211,14402
46231,2572,1383,1189
46232,953,510,443
46233,5568,2970,2598
46234,407,203,204
46235,36997,20282,16715
46236,1332,658,674
46237,12579,6156,6423
46238,21218,10199,11019
46239,462,323,139
46240,300,198,102
46241,396,150,246
46242,246,142,104
46243,161,87,74
46244,117701,59928,57773
46245,536,254,282
46246,1493,537,956
46247,1238,507,731
46248,5978,3205,2773
46249,10947,5539,5408
46250,888439,443548,444891
46251,4944,2256,2688
46252,80,34,46
46253,118,71,47
46254,626,341,285
46255,4906,2653,2253
46256,11873,5985,5888
46257,6595,3827,2768
46258,3736,2015,1721
46259,552,301,251
46260,3049,1520,1529
46261,2258,1273,985
46262,113,79,34
46263,318,204,114
46902,501,231,270
46903,5291,2264,3027
46904,1205,628,577
47001,0,0,0
47002,5,2,3
47003,89,68,21
47004,1468,782,686
47005,923,375,548
47006,157,88,69
47007,3784,1563,2221
47008,6,6,0
47009,31,20,11
47010,12610,5224,7386
47011,528,192,336
47012,53,46,7
47013,52,13,39
47014,16,11,5
47015,80,47,33
47016,33,16,17
47017,102,39,63
47018,35,0,35
47019,30,8,22
47020,248,122,126
47021,41,16,25
47022,24,14,10
47023,2532,1097,1435
47024,19,16,3
47025,93,38,55
47026,25,19,6
47027,3993,1785,2208
47028,24,1,23
47029,41,28,13
47030,546,334,212
47031,129,56,73
47032,45,37,8
47033,75,32,43
47034,10,10,0
47035,1206,517,689
47036,151,97,54
47037,150,47,103
47038,89,34,55
47039,98,20,78
47040,61,26,35
47041,68,43,25
47042,20,8,12
47043,231,105,126
47044,254,126,128
47045,979,478,501
47046,41,21,20
47047,50,46,4
47048,121,58,63
47049,103,39,64
47050,5218,2476,2742
47051,334,186,148
47052,7097,2923,4174
47053,79,33,46
47054,315,170,145
47055,169,86,83
47056,32,26,6
47057,281,138,143
47058,133,60,73
47059,95,63,32
47060,111,63,48
47061,175,65,110
47062,36,16,20
47063,36,18,18
47064,17,0,17
47065,1733,634,1099
47066,1255,547,708
47067,129,58,71
47068,33,4,29
47069,49,37,12
47070,15,10,5
47071,408,222,186
47073,28,10,18
47074,113,55,58
47075,8325,3995,4330
47076,23009,9248,13761
47077,125,60,65
47078,199,26,173
47079,18,4,14
47080,53,19,34
47081,45,4,41
47082,893,450,443
47083,87,30,57
47084,1077,516,561
47085,29341,13135,16206
47086,4994,2178,2816
47087,352,219,133
47088,25,17,8
47089,49,36,13
47090,3035,1601,1434
47091,54,40,14
47092,66,15,51
47093,805,377,428
47094,105,49,56
47095,0,0,0
47096,75,54,21
47097,283,146,137
47098,394,135,259
47099,66,36,30
47100,91,54,37
47101,2118,1204,914
47102,158,75,83
47103,212,100,112
47104,4005,1856,2149
47105,169,111,58
47106,14,1,13
47109,91,63,28
47110,610,242,368
47111,1037,537,500
47112,4026,1629,2397
47113,92,47,45
47114,5407,2761,2646
47115,202,73,129
47116,197,97,100
47117,153,67,86
47118,33,33,0
47119,38,34,4
47121,458,198,260
47122,1906,1031,875
47123,497,273,224
47124,587,286,301
47125,32,20,12
47126,11,7,4
47127,44,32,12
47128,20,3,17
47129,682,347,335
47130,128,76,52
47131,37,19,18
47132,4,3,1
47133,2401,1141,1260
47134,71,30,41
47135,18,12,6
47137,1,1,0
47138,425,213,212
47139,1557,855,702
47140,44,27,17
47141,76,38,38
47142,116,86,30
47143,37,2,35
47144,42,33,9
47145,445,269,176
47146,209,97,112
47147,99,42,57
47148,314,123,191
47149,22,13,9
47150,111,69,42
47151,16,15,1
47152,49,30,19
47153,60,0,60
47154,48,30,18
47155,4062,1604,2458
47156,212,129,83
47157,362,143,219
47158,869,343,526
47159,1034,417,617
47160,468,253,215
47161,3600,1737,1863
47162,36,21,15
47163,166,93,73
47164,319,206,113
47165,11406,5218,6188
47166,238,112,126
47167,318,123,195
47168,8,0,8
47169,39,15,24
47170,0,0,0
47171,274,93,181
47172,66,40,26
47173,1000,514,486
47174,308,197,111
47175,9646,4834,4812
47176,87,17,70
47177,34,22,12
47178,34,34,0
47179,268,136,132
47180,21,13,8
47181,94,45,49
47182,1995,1085,910
47183,79,37,42
47184,717,374,343
47185,46,34,12
47186,312579,148913,163666
47187,84,26,58
47188,41,13,28
47189,278,101,177
47190,25,1,24
47191,51,26,25
47192,56,32,24
47193,1571,802,769
47194,203,109,94
47195,451,235,216
47196,6,6,0
47197,779,396,383
47198,23,5,18
47199,49,26,23
47200,14,6,8
47203,28,7,21
47204,163,94,69
47205,279,134,145
47206,22,17,5
47207,165,91,74
47208,34,11,23
47209,11,11,0
47210,195,111,84
47211,20,0,20
47212,243,136,107
47213,25,5,20
47214,1582,668,914
47215,34,19,15
47216,92,57,35
47217,1801,921,880
47218,1251,659,592
47219,37,6,31
47220,102,53,49
47221,101,73,28
47222,66,25,41
47223,199,94,105
47224,78,40,38
47225,42,26,16
47226,156,74,82
47227,50,32,18
47228,540,201,339
47229,49,34,15
47230,207,109,98
47231,4720,2075,2645
47232,81,28,53
48001,4576,1945,2631
48002,9565,5200,4365
48003,11957,5849,6108
48004,125,79,46
48005,62,41,21
48006,199,110,89
48007,136,74,62
48008,527,256,271
48009,687,299,388
48010,298,144,154
48011,11042,5351,5691
48012,1844,900,944
48013,97015,50103,46912
48014,906,473,433
48015,39159,18399,20760
48016,4170,1922,2248
48017,12647,6291,6356
48018,754,386,368
48019,3643,1877,1766
48020,324239,155102,169137
48021,1058,539,519
48022,2192,1203,989
48023,478,257,221
48024,478,241,237
48025,719,359,360
48026,546,277,269
48027,18158,8950,9208
48028,498,295,203
48029,8477,3994,4483
48030,342,182,160
48031,201,59,142
48032,4165,1900,2265
48033,134,85,49
48034,13314,5923,7391
48035,283,120,163
48036,23240,10507,12733
48037,514,334,180
48038,791,449,342
48039,85,62,23
48040,1007,515,492
48041,599,330,269
48042,978,495,483
48043,3940,1854,2086
48044,51137,23505,27632
48045,5294,2595,2699
48046,12358,5795,6563
48047,64,28,36
48048,284,121,163
48049,222,110,112
48050,239,130,109
48051,180,127,53
48052,940,499,441
48053,396,240,156
48054,23417,10979,12438
48055,2489,1123,1366
48056,561,256,305
48057,3869,1909,1960
48058,748,296,452
48059,225,83,142
48060,2644,1437,1207
48061,354,202,152
48062,142,70,72
48063,224,98,126
48064,437,268,169
48065,3441,1720,1721
48066,261,148,113
48067,792,385,407
48068,1096,602,494
48069,12238,5570,6668
48070,328,147,181
48071,6776,3572,3204
48072,781,435,346
48073,5674,2637,3037
48074,3785,1782,2003
48075,1150,627,523
48076,221,100,121
48077,2684,1337,1347
48078,42869,21973,20896
48079,206,117,89
48080,10824,5668,5156
48081,1502,738,764
48082,49237,25224,24013
48083,8709,4369,4340
48084,33554,17814,15740
48085,9684,4545,5139
48086,1903,972,931
48087,441,261,180
48088,46,21,25
48089,2567,1436,1131
48090,7096,3431,3665
48091,1004,467,537
48092,665,298,367
48093,849,459,390
48094,3268,1546,1722
48095,2043,879,1164
48096,8179,4030,4149
48097,1315,732,583
48901,3133,1428,1705
48902,21743,10933,10810
48903,905,472,433
48904,2186,983,1203
48905,1962,965,997
48906,619,277,342
48907,176,100,76
48908,158,61,97
48909,44,25,19
48910,3136,1427,1709
48911,120,63,57
48912,2892,1493,1399
48913,1094,571,523
48914,92,48,44
48915,109,42,67
49002,38,25,13
49003,891,493,398
49004,93,49,44
49005,59,7,52
49006,137,78,59
49007,257,207,50
49008,282,174,108
49009,415,245,170
49010,363,143,220
49011,200,143,57
49012,54,27,27
49013,176,101,75
49014,62,43,19
49015,294,124,170
49016,347,179,168
49017,173,117,56
49018,176,142,34
49019,375,148,227
49020,138,31,107
49021,26372,11212,15160
49022,269,108,161
49023,547,244,303
49024,567,243,324
49025,68,18,50
49026,219,169,50
49027,95,55,40
49028,124,71,53
49029,658,296,362
49030,35,16,19
49031,111,76,35
49032,391,164,227
49033,1015,548,467
49034,330,191,139
49035,112,49,63
49036,318,188,130
49037,158,100,58
49038,78,40,38
49039,373,227,146
49040,57,17,40
49041,480,223,257
49042,170,93,77
49043,169,77,92
49044,31,11,20
49046,154,75,79
49047,134,71,63
49048,22,9,13
49050,438,300,138
49052,95,30,65
49053,1101,525,576
49054,926,434,492
49055,30,30,0
49056,406,222,184
49057,121,58,63
49058,416,282,134
49059,98,75,23
49061,127,78,49
49062,185,134,51
49063,265,170,95
49064,268,164,104
49065,1376,793,583
49066,327,199,128
49067,214,104,110
49068,388,241,147
49069,217,152,65
49071,830,505,325
49075,96,50,46
49076,261,161,100
49077,143,103,40
49078,120,79,41
49079,39,38,1
49080,565,245,320
49081,1868,844,1024
49082,308,134,174
49083,8,3,5
49084,245,117,128
49085,976,566,410
49086,123,89,34
49087,737,518,219
49088,41,20,21
49090,111,78,33
49091,276,184,92
49092,117,70,47
49093,172,107,65
49094,267,183,84
49095,324,201,123
49096,200,105,95
49097,7,3,4
49098,96,70,26
49099,33,25,8
49100,230,97,133
49101,117,74,43
49102,168,46,122
49103,506,290,216
49104,240,181,59
49105,96,37,59
49107,38,24,14
49108,360,155,205
49109,770,406,364
49110,236,149,87
49111,50,29,21
49112,159,104,55
49113,123,63,60
49114,56,16,40
49115,231,132,99
49116,321,186,135
49117,530,281,249
49118,207,79,128
49119,267,153,114
49120,40,25,15
49121,361,188,173
49122,973,448,525
49123,526,217,309
49124,275,166,109
49125,2001,959,1042
49126,156,27,129
49127,2480,1102,1378
49128,1012,367,645
49129,1071,395,676
49130,113,91,22
49131,221,118,103
49132,273,166,107
49133,195,136,59
49134,101,58,43
49135,552,339,213
49136,143,51,92
49137,94,58,36
49138,127,76,51
49139,63,32,31
49141,323,153,170
49142,209,97,112
49143,165,92,73
49145,229,157,72
49146,178,74,104
49147,277,159,118
49148,154,87,67
49149,371,122,249
49150,28,20,8
49151,694,329,365
49152,453,270,183
49153,107,62,45
49154,92,78,14
49155,106,20,86
49156,85,59,26
49157,191,122,69
49158,221,104,117
49159,389,149,240
49160,57,19,38
49162,134,116,18
49163,151,86,65
49164,126,68,58
49165,17,12,5
49166,1289,600,689
49167,133,70,63
49168,59,19,40
49169,20,15,5
49170,180,103,77
49171,904,471,433
49172,398,230,168
49173,252,194,58
49174,260,181,79
49175,204,106,98
49176,694,448,246
49177,257,144,113
49178,879,389,490
49179,293,117,176
49180,26,21,5
49181,203,156,47
49183,59,44,15
49184,97,31,66
49185,105,47,58
49186,166,52,114
49187,1178,448,730
49188,51,33,18
49189,178,117,61
49190,39,11,28
49191,168,82,86
49192,108,64,44
49193,732,368,364
49194,308,193,115
49197,135,61,74
49199,218,113,105
49200,1373,592,781
49201,203,122,81
49202,147,113,34
49203,310,104,206
49204,72,33,39
49205,296,129,167
49206,638,350,288
49207,198,115,83
49208,341,280,61
49209,488,315,173
49210,605,406,199
49214,894,443,451
49216,95,36,59
49219,10072,4828,5244
49220,132,63,69
49221,221,144,77
49222,392,196,196
49223,685,471,214
49224,184,97,87
49225,159,99,60
49226,182,88,94
49227,351,145,206
49228,25,18,7
49229,160,70,90
49230,13,1,12
49231,297,168,129
49232,72,33,39
49233,67,43,24
49234,510,211,299
49235,335,181,154
49236,45,2,43
49237,78,78,0
49238,202,102,100
49239,487,196,291
49240,204,142,62
49241,183,94,89
49242,270,156,114
49243,49,15,34
49244,9,9,0
49245,249,138,111
49246,122,84,38
49247,535,358,177
49248,90,26,64
49249,33,15,18
49250,922,375,547
49251,124,81,43
49252,226,85,141
49255,263,121,142
49256,268,104,164
49257,392,199,193
49258,100,42,58
49259,57,44,13
49260,587,245,342
49261,2035,1045,990
49262,187,60,127
49263,27,18,9
49264,403,215,188
49265,81,30,51
49266,17,4,13
49267,57,47,10
49268,167,88,79
49269,163,116,47
49270,97,59,38
49271,138,59,79
49272,48,25,23
49273,163,104,59
49275,72811,33798,39013
50001,71,71,0
50002,68,46,22
50003,75,27,48
50004,364,212,152
50005,0,0,0
50006,967,559,408
50007,6,1,5
50008,6508,3265,3243
50009,62,42,20
50010,3,2,1
50011,173,75,98
50012,36,35,1
50013,189,94,95
50014,158,81,77
50015,18,12,6
50016,12,12,0
50017,1999,878,1121
50018,1112,545,567
50019,86,49,37
50020,888,491,397
50021,12,12,0
50022,106,69,37
50023,107,53,54
50024,381,235,146
50025,6316,3127,3189
50026,346,150,196
50027,179,59,120
50028,27,21,6
50029,539,295,244
50030,238,159,79
50031,62,39,23
50032,231,136,95
50033,15,15,0
50034,640,342,298
50035,3,3,0
50036,1,0,1
50037,36,13,23
50038,1617,796,821
50039,360,198,162
50040,46,31,15
50041,0,0,0
50042,0,0,0
50043,188,105,83
50044,206,85,121
50045,1160,568,592
50046,92,80,12
50047,2,2,0
50048,11,5,6
50050,27,5,22
50051,818,431,387
50052,23,12,11
50053,782,354,428
50054,0,0,0
50055,4720,2342,2378
50056,518,321,197
50057,1154,597,557
50058,37,13,24
50059,296,163,133
50060,159,97,62
50061,227,182,45
50062,1754,945,809
50063,42,21,21
50064,397,188,209
50065,0,0,0
50066,2777,1278,1499
50067,21348,10299,11049
50068,2741,1472,1269
50069,20,20,0
50070,27,18,9
50071,33,21,12
50072,24,6,18
50073,2694,1489,1205
50074,9997,5062,4935
50075,8,3,5
50076,76,24,52
50077,135,101,34
50078,173,74,99
50079,191,117,74
50080,11,11,0
50081,409,222,187
50082,38,36,2
50083,112,74,38
50084,50,38,12
50085,68,31,37
50086,23,18,5
50087,2,0,2
50088,168,76,92
50089,7735,3326,4409
50090,33,23,10
50091,12,0,12
50092,468,122,346
50093,65,49,16
50094,1517,749,768
50095,18887,9215,9672
50096,13,0,13
50098,120,59,61
50099,4932,2605,2327
50100,184,72,112
50101,1091,632,459
50102,572,274,298
50104,144,102,42
50105,264,174,90
50106,56,38,18
50107,895,316,579
50108,14,4,10
50109,12,12,0
50110,193,116,77
50111,195,112,83
50113,483,269,214
50114,63,42,21
50115,3022,1652,1370
50116,149,77,72
50117,13,13,0
50118,2940,1424,1516
50119,739,347,392
50120,15,12,3
50121,353,152,201
50122,21,13,8
50123,528,236,292
50124,231,87,144
50125,355,222,133
50126,3159,1392,1767
50128,9,0,9
50129,202,101,101
50130,441,251,190
50131,181,109,72
50132,888,348,540
50133,51,39,12
50134,17,2,15
50135,40,20,20
50136,306,195,111
50137,467,289,178
50138,4,4,0
50139,224,120,104
50140,156,112,44
50141,67,20,47
50142,14,10,4
50143,465,325,140
50144,6,6,0
50146,215,93,122
50147,895,433,462
50148,120,67,53
50149,0,0,0
50150,898,480,418
50151,396,200,196
50152,1461,718,743
50153,594,320,274
50154,93,52,41
50155,14,3,11
50156,273,137,136
50157,451,237,214
50159,855,434,421
50160,2665,1508,1157
50161,57,26,31
50162,82,39,43
50163,3979,1752,2227
50164,339,153,186
50165,1295,722,573
50166,100,28,72
50167,60,25,35
50168,1,1,0
50169,232,142,90
50170,143,66,77
50171,11,11,0
50172,92,31,61
50173,46,19,27
50174,20,15,5
50175,857,485,372
50176,157,98,59
50177,218,139,79
50178,257,114,143
50179,68,31,37
50180,60,45,15
50181,1023,570,453
50182,3457,1509,1948
50183,244,100,144
50184,41,26,15
50185,4,4,0
50186,32,32,0
50187,26,16,10
50188,4,0,4
50189,789,465,324
50190,1140,554,586
50191,260,179,81
50192,313,150,163
50193,644,273,371
50194,28,22,6
50195,42,18,24
50196,66,29,37
50197,22,5,17
50198,10,9,1
50199,253,125,128
50200,278,137,141
50201,519,302,217
50202,87,73,14
50203,996,500,496
50204,3069,1360,1709
50205,81,34,47
50206,407,168,239
50207,25,17,8
50208,2234,1118,1116
50209,3161,1350,1811
50210,15,9,6
50211,314,173,141
50212,10,10,0
50213,67,24,43
50214,31,26,5
50215,0,0,0
50216,103,45,58
50217,318,214,104
50218,27,3,24
50219,4892,2066,2826
50220,25,9,16
50221,6,6,0
50222,1882,881,1001
50223,645,294,351
50224,18,18,0
50225,3043,1648,1395
50227,65,60,5
50228,174,70,104
50229,15,3,12
50230,1074,590,484
50231,164,78,86
50232,190,60,130
50233,13,7,6
50234,154,102,52
50235,2396,1200,1196
50236,94,63,31
50237,39,20,19
50238,14,11,3
50239,5,5,0
50240,552,301,251
50241,592,315,277
50242,32,21,11
50243,217,111,106
50244,91,25,66
50245,16,13,3
50246,34,0,34
50247,696,319,377
50248,242,100,142
50249,171,102,69
50250,16,0,16
50251,12922,4887,8035
50252,5575,2819,2756
50253,518,320,198
50254,82,6,76
50255,70,41,29
50256,0,0,0
50257,142,72,70
50258,13,2,11
50259,6,3,3
50260,0,0,0
50261,173,97,76
50262,1242,603,639
50263,130,80,50
50264,48,25,23
50265,29,21,8
50266,31,11,20
50267,263,149,114
50268,60,34,26
50269,378,194,184
50270,12,12,0
50271,66,29,37
50272,16539,7454,9085
50273,2,2,0
50274,7,7,0
50275,68,48,20
50276,47,23,24
50277,82,37,45
50278,164,63,101
50279,60,49,11
50280,229,112,117
50281,57,14,43
50282,53,26,27
50283,48,14,34
50284,112,81,31
50285,527,232,295
50286,26,14,12
50287,214,114,100
50288,3435,1634,1801
50289,29,5,24
50290,262,176,86
50291,27,8,19
50292,25,11,14
50293,259,179,80
50294,2,0,2
50295,19,1,18
50296,262,135,127
50297,641322,323949,317373
50298,6367,3415,2952
50901,11,4,7
50902,51,25,26
50903,1309,625,684
51001,127703,53314,74389
52001,129336,54397,74939
