Codigo Municipio,Total Paro Registrado,Parados Hombres,Parados Mujeres
04001,101,68,33
04002,70,46,24
04003,2734,1536,1198
04004,43,24,19
04005,51,32,19
04006,912,502,410
04007,80,52,28
04008,26,18,8
04009,8,7,1
04010,101,65,36
04011,437,242,195
04012,15,7,8
04013,23300,12098,11202
04014,9,5,4
04015,5,4,1
04016,209,105,104
04017,164,103,61
04018,23,13,10
04019,13,8,5
04020,20,12,8
04021,12,6,6
04022,62,37,25
04023,5,5,0
04024,552,279,273
04026,0,0,0
04027,19,12,7
04028,32,24,8
04029,1730,1039,691
04030,124,88,36
04031,315,197,118
04032,781,402,379
04033,1,1,0
04034,6,4,2
04035,1436,824,612
04036,32,20,12
04037,98,64,34
04038,300,176,124
04041,24,15,9
04043,41,27,14
04044,320,178,142
04045,234,152,82
04046,92,61,31
04047,429,250,179
04048,230,134,96
04049,1107,558,549
04050,80,53,27
04051,47,24,23
04052,2010,1011,999
04053,1614,832,782
04054,35,25,10
04055,32,21,11
04056,13,9,4
04057,174,117,57
04058,48,37,11
04059,100,66,34
04060,47,31,16
04061,68,41,27
04062,820,415,405
04063,76,52,24
04064,598,290,308
04065,19,12,7
04066,2288,1340,948
04067,61,42,19
04068,1,1,0
04069,988,549,439
04070,112,77,35
04071,41,32,9
04072,30,17,13
04073,25,19,6
04074,486,275,211
04075,459,229,230
04076,197,115,82
04077,16,14,2
04078,239,146,93
04079,9493,4884,4609
04080,14,11,3
04081,55,31,24
04082,19,13,6
04083,162,92,70
04084,56,42,14
04085,34,22,12
04086,228,152,76
04087,23,12,11
04088,496,289,207
04089,54,39,15
04090,26,16,10
04091,36,17,19
04092,343,195,148
04093,456,265,191
04094,10,10,0
04095,96,50,46
04096,15,6,9
04097,16,13,3
04098,89,51,38
04099,503,298,205
04100,1520,816,704
04101,667,358,309
04102,2461,1357,1104
04103,195,132,63
04901,30,22,8
04902,7416,4090,3326
04903,703,384,319
11001,937,410,527
11002,291,195,96
11003,196,82,114
11004,16063,7204,8859
11005,649,377,272
11006,6159,3200,2959
11007,5082,2561,2521
11008,3107,1392,1715
11009,104,52,52
11010,1015,682,333
11011,266,130,136
11012,15914,7151,8763
11013,460,208,252
11014,3249,1658,1591
11015,13180,6306,6874
11016,3503,1650,1853
11017,475,329,146
11018,213,153,60
11019,294,139,155
11020,32331,15369,16962
11021,1379,689,690
11022,10112,4953,5159
11023,2440,1173,1267
11024,602,310,292
11025,1263,666,597
11026,1031,497,534
11027,11737,5223,6514
11028,5944,2562,3382
11029,549,367,182
11030,3951,1776,2175
11031,12851,5438,7413
11032,11817,5989,5828
11033,4328,2119,2209
11034,221,136,85
11035,2610,1100,1510
11036,33,21,12
11037,891,527,364
11038,2762,1137,1625
11039,2708,1311,1397
11040,52,26,26
11041,2106,1323,783
11042,132,75,57
11901,1538,822,716
11902,657,395,262
14001,258,147,111
14002,1046,646,400
14003,155,75,80
14004,121,45,76
14005,1035,585,450
14006,179,80,99
14007,1193,512,681
14008,407,175,232
14009,480,251,229
14010,238,120,118
14011,100,35,65
14012,371,166,205
14013,1685,797,888
14014,106,57,49
14015,139,58,81
14016,144,64,80
14017,1332,728,604
14018,475,251,224
14019,383,167,216
14020,31,9,22
14021,41312,18736,22576
14022,217,88,129
14023,269,108,161
14024,159,85,74
14025,151,76,75
14026,290,108,182
14027,1025,559,466
14028,52,23,29
14029,852,351,501
14030,798,483,315
14031,30,15,15
14032,75,35,40
14033,143,81,62
14034,43,28,15
14035,1038,389,649
14036,309,174,135
14037,174,83,91
14038,4339,2037,2302
14039,128,46,82
14040,163,81,82
14041,268,153,115
14042,2388,1056,1332
14043,849,424,425
14044,100,54,46
14045,324,192,132
14046,152,77,75
14047,187,89,98
14048,75,40,35
14049,1423,757,666
14050,271,137,134
14051,133,48,85
14052,1851,879,972
14053,696,376,320
14054,1715,688,1027
14055,1682,765,917
14056,3279,1634,1645
14057,626,298,328
14058,517,252,265
14059,56,35,21
14060,323,194,129
14061,101,45,56
14062,129,60,69
14063,27,8,19
14064,49,18,31
14065,180,102,78
14066,628,303,325
14067,503,244,259
14068,87,43,44
14069,727,373,354
14070,148,64,84
14071,157,67,90
14072,58,25,33
14073,382,172,210
14074,223,120,103
14075,22,8,14
18001,23,10,13
18002,21,16,5
18003,1971,1005,966
18004,68,40,28
18005,33,21,12
18006,704,456,248
18007,59,39,20
18010,43,22,21
18011,631,365,266
18012,86,62,24
18013,489,294,195
18014,1006,506,500
18015,24,17,7
18016,30,23,7
18017,3477,1836,1641
18018,86,50,36
18020,138,88,50
18021,2861,1422,1439
18022,2157,1115,1042
18023,1983,1004,979
18024,97,48,49
18025,56,43,13
18027,453,257,196
18028,72,38,34
18029,154,97,57
18030,63,34,29
18032,61,27,34
18033,41,17,24
18034,28,14,14
18035,113,68,45
18036,435,217,218
18037,67,44,23
18038,70,39,31
18039,348,183,165
18040,48,26,22
18042,72,36,36
18043,22,14,8
18044,5,4,1
18045,72,45,27
18046,145,82,63
18047,914,477,437
18048,386,198,188
18049,79,39,40
18050,212,126,86
18051,85,51,34
18053,106,61,45
18054,129,62,67
18056,277,139,138
18057,879,390,489
18059,646,385,261
18061,92,41,51
18062,1654,851,803
18063,100,68,32
18064,13,11,2
18066,245,133,112
18067,71,39,32
18068,185,82,103
18069,34,23,11
18070,34,22,12
18071,970,557,413
18072,70,43,27
18074,28,16,12
18076,53,29,24
18078,74,39,35
18079,546,317,229
18082,88,43,45
18083,17,6,11
18084,543,288,255
18085,65,47,18
18086,50,25,25
18087,27555,13369,14186
18088,153,79,74
18089,1999,1055,944
18093,398,238,160
18094,245,145,100
18095,311,182,129
18096,32,22,10
18097,87,53,34
18098,711,359,352
18099,249,115,134
18100,726,414,312
18101,1136,550,586
18102,581,341,240
18103,86,49,37
18105,560,260,300
18107,114,61,53
18108,134,68,66
18109,72,37,35
18111,347,190,157
18112,18,14,4
18114,86,42,44
18115,334,189,145
18116,477,267,210
18117,66,40,26
18119,195,133,62
18120,35,19,16
18121,6,6,0
18122,1818,881,937
18123,22,15,7
18124,31,21,10
18126,283,194,89
18127,2612,1338,1274
18128,35,17,18
18132,245,154,91
18133,228,144,84
18134,822,417,405
18135,271,134,137
18136,109,59,50
18137,58,37,21
18138,224,139,85
18140,7100,3962,3138
18141,36,24,12
18143,117,74,43
18144,92,47,45
18145,1347,654,693
18146,74,40,34
18147,688,375,313
18148,108,65,43
18149,635,311,324
18150,1027,597,430
18151,48,28,20
18152,48,23,25
18153,1264,637,627
18154,133,73,60
18157,121,58,63
18158,1474,894,580
18159,93,40,53
18161,25,14,11
18162,105,61,44
18163,32,15,17
18164,177,96,81
18165,747,404,343
18167,328,173,155
18168,122,80,42
18170,40,22,18
18171,172,103,69
18173,1531,874,657
18174,35,17,18
18175,1800,925,875
18176,20,11,9
18177,30,18,12
18178,38,21,17
18179,53,35,18
18180,59,28,31
18181,15,12,3
18182,240,138,102
18183,69,44,25
18184,350,228,122
18185,61,27,34
18187,46,29,17
18188,110,61,49
18189,69,41,28
18192,179,117,62
18193,2104,1072,1032
18194,242,163,79
18901,79,43,36
18902,75,53,22
18903,102,75,27
18904,70,51,19
18905,2410,1250,1160
18906,100,61,39
18907,151,95,56
18908,105,66,39
18909,33,22,11
18910,110,64,46
18911,1115,517,598
18912,122,72,50
18913,54,24,30
21001,145,71,74
21002,2066,972,1094
21003,114,67,47
21004,229,124,105
21005,1992,1133,859
21006,543,332,211
21007,931,481,450
21008,237,146,91
21009,144,46,98
21010,2699,1395,1304
21011,388,250,138
21012,34,21,13
21013,1062,665,397
21014,400,271,129
21015,54,31,23
21016,229,104,125
21017,585,310,275
21018,344,176,168
21019,135,66,69
21020,45,30,15
21021,1858,1043,815
21022,30,18,12
21023,278,136,142
21024,82,50,32
21025,594,306,288
21026,37,20,17
21027,9,8,1
21028,34,14,20
21029,248,113,135
21030,134,75,59
21031,130,72,58
21032,199,134,65
21033,111,62,49
21034,197,99,98
21035,1576,884,692
21036,46,20,26
21037,62,47,15
21038,203,112,91
21039,20,12,8
21040,304,177,127
21041,19602,9551,10051
21042,2738,1513,1225
21043,300,139,161
21044,3059,1574,1485
21045,53,29,24
21046,126,71,55
21047,155,116,39
21048,61,32,29
21049,539,273,266
21050,1492,829,663
21051,48,25,23
21052,886,434,452
21053,469,254,215
21054,1129,590,539
21055,1378,607,771
21056,187,137,50
21057,145,75,70
21058,398,222,176
21059,31,18,13
21060,2375,1254,1121
21061,592,409,183
21062,153,74,79
21063,372,219,153
21064,952,555,397
21065,53,36,17
21066,46,28,18
21067,71,36,35
21068,74,43,31
21069,185,65,120
21070,979,553,426
21071,24,12,12
21072,1573,713,860
21073,306,165,141
21074,371,219,152
21075,53,29,24
21076,279,157,122
21077,165,102,63
21078,492,277,215
21079,100,38,62
23001,26,12,14
23002,1026,386,640
23003,458,163,295
23004,29,11,18
23005,3925,1546,2379
23006,188,82,106
23007,87,50,37
23008,79,43,36
23009,1101,339,762
23010,2336,795,1541
23011,176,55,121
23012,319,110,209
23014,133,49,84
23015,89,26,63
23016,31,14,17
23017,76,21,55
23018,111,47,64
23019,72,33,39
23020,101,36,65
23021,60,24,36
23024,2344,892,1452
23025,95,28,67
23026,111,51,60
23027,35,14,21
23028,521,191,330
23029,21,6,15
23030,36,17,19
23031,21,17,4
23032,33,12,21
23033,42,24,18
23034,141,75,66
23035,55,14,41
23037,15,5,10
23038,249,128,121
23039,300,99,201
23040,36,16,20
23041,10,7,3
23042,26,12,14
23043,21,9,12
23044,387,116,271
23045,49,21,28
23046,177,76,101
23047,87,28,59
23048,12,6,6
23049,57,33,24
23050,10610,4585,6025
23051,130,52,78
23052,30,9,21
23053,357,129,228
23054,4,2,2
23055,7618,3400,4218
23056,109,49,60
23057,30,12,18
23058,524,191,333
23059,394,176,218
23060,1884,634,1250
23061,869,431,438
23062,37,7,30
23063,127,67,60
23064,51,28,23
23065,125,48,77
23066,199,79,120
23067,143,64,79
23069,131,52,79
23070,521,247,274
23071,136,54,82
23072,145,70,75
23073,226,103,123
23074,287,88,199
23075,213,82,131
23076,150,61,89
23077,13,2,11
23079,161,61,100
23080,46,24,22
23081,86,36,50
23082,95,44,51
23084,44,15,29
23085,111,45,66
23086,925,369,556
23087,901,339,562
23088,598,239,359
23090,38,14,24
23091,39,15,24
23092,3220,1111,2109
23093,73,32,41
23094,326,148,178
23095,306,132,174
23096,166,79,87
23097,278,92,186
23098,22,5,17
23099,195,86,109
23101,19,11,8
23901,68,21,47
23902,72,30,42
23903,135,52,83
23904,135,65,70
23905,73,32,41
29001,357,214,143
29002,176,115,61
29003,85,56,29
29004,35,26,9
29005,630,369,261
29006,125,66,59
29007,4270,1997,2273
29008,2872,1592,1280
29009,192,148,44
29010,167,90,77
29011,558,317,241
29012,2163,1199,964
29013,315,180,135
29014,30,22,8
29015,4402,2227,2175
29016,41,32,9
29017,667,327,340
29018,258,166,92
29019,122,101,21
29020,559,314,245
29021,28,20,8
29022,24,15,9
29023,218,88,130
29024,53,31,22
29025,7566,3407,4159
29026,118,83,35
29027,293,214,79
29028,231,124,107
29029,73,41,32
29030,131,101,30
29031,211,124,87
29032,836,379,457
29033,163,124,39
29034,68,43,25
29035,160,95,65
29036,99,72,27
29037,17,7,10
29038,3144,1645,1499
29039,371,225,146
29040,273,163,110
29041,502,275,227
29042,3071,1722,1349
29043,374,236,138
29044,108,82,26
29045,294,205,89
29046,540,277,263
29047,85,43,42
29048,189,102,87
29049,225,129,96
29050,50,39,11
29051,8009,4291,3718
29052,15,7,8
29053,328,191,137
29054,8330,4149,4181
29055,198,102,96
29056,168,85,83
29057,34,17,17
29058,265,174,91
29059,247,137,110
29060,80,61,19
29061,176,99,77
29062,82,66,16
29063,46,32,14
29064,69,42,27
29065,15,9,6
29066,63,53,10
29067,75064,36796,38268
29068,1428,810,618
29069,16412,8278,8134
29070,8808,4284,4524
29071,134,102,32
29072,314,160,154
29073,380,237,143
29074,98,34,64
29075,3077,1577,1500
29076,342,193,149
29077,32,23,9
29079,321,215,106
29080,1409,735,674
29081,16,6,10
29082,4409,2168,2241
29083,259,174,85
29084,4665,2280,2385
29085,18,11,7
29086,143,105,38
29087,43,37,6
29088,236,130,106
29089,287,165,122
29090,266,159,107
29091,1868,1032,836
29092,123,87,36
29093,265,165,100
29094,9376,5333,4043
29095,167,65,102
29096,330,212,118
29097,340,190,150
29098,77,36,41
29099,112,68,44
29100,514,233,281
29901,8002,3681,4321
29902,0,0,0
41001,123,55,68
41002,133,58,75
41003,397,194,203
41004,10140,4441,5699
41005,1255,718,537
41006,164,108,56
41007,2417,1207,1210
41008,99,55,44
41009,192,81,111
41010,665,320,345
41011,2079,1231,848
41012,389,213,176
41013,917,425,492
41014,106,70,36
41015,780,452,328
41016,1147,575,572
41017,2163,921,1242
41018,1097,602,495
41019,775,390,385
41020,2562,1649,913
41021,4214,2013,2201
41022,259,160,99
41023,1083,638,445
41024,3526,1852,1674
41025,217,99,118
41026,345,189,156
41027,713,338,375
41028,217,85,132
41029,2311,1062,1249
41030,64,36,28
41031,210,105,105
41032,455,203,252
41033,519,247,272
41034,4451,2340,2111
41035,81,38,43
41036,471,303,168
41037,251,136,115
41038,16571,7292,9279
41039,4882,2655,2227
41040,1064,450,614
41041,1209,479,730
41042,474,280,194
41043,126,77,49
41044,1014,450,564
41045,954,439,515
41046,226,141,85
41047,1358,595,763
41048,199,100,99
41049,1723,965,758
41050,448,232,216
41051,272,139,133
41052,445,284,161
41053,3646,2073,1573
41054,49,21,28
41055,1546,858,688
41056,416,241,175
41057,17,9,8
41058,2877,1283,1594
41059,4532,2023,2509
41060,2478,1190,1288
41061,104,75,29
41062,167,113,54
41063,452,287,165
41064,642,426,216
41065,3696,1849,1847
41066,102,51,51
41067,1342,696,646
41068,1624,803,821
41069,4942,3102,1840
41070,699,326,373
41071,579,352,227
41072,337,183,154
41073,279,142,137
41074,182,116,66
41075,1290,718,572
41076,118,77,41
41077,1188,638,550
41078,155,99,56
41079,1988,1067,921
41080,165,59,106
41081,5022,2412,2610
41082,287,117,170
41083,162,87,75
41084,205,114,91
41085,614,249,365
41086,3300,1624,1676
41087,1879,885,994
41088,58,34,24
41089,1317,590,727
41090,319,169,150
41091,81135,37325,43810
41092,737,425,312
41093,1924,818,1106
41094,1047,520,527
41095,7801,3901,3900
41096,862,413,449
41097,272,152,120
41098,926,437,489
41099,672,379,293
41100,91,54,37
41101,743,460,283
41102,2643,1231,1412
41901,221,127,94
41902,494,286,208
41903,1436,831,605
22001,10,5,5
22002,4,3,1
22003,5,2,3
22004,5,3,2
22006,16,9,7
22007,81,36,45
22008,7,4,3
22009,36,22,14
22011,1,1,0
22012,3,2,1
22013,11,5,6
22014,13,8,5
22015,15,5,10
22016,41,18,23
22017,49,22,27
22018,13,4,9
22019,8,5,3
22020,7,5,2
22021,149,78,71
22022,32,10,22
22023,26,14,12
22024,23,11,12
22025,62,42,20
22027,31,17,14
22028,9,4,5
22029,6,5,1
22032,7,4,3
22035,12,9,3
22036,3,2,1
22037,3,2,1
22039,68,41,27
22040,12,8,4
22041,5,2,3
22042,3,2,1
22043,6,4,2
22044,11,6,5
22045,1,0,1
22046,53,32,21
22047,2,0,2
22048,1360,714,646
22049,3,3,0
22050,3,1,2
22051,2,2,0
22052,80,35,45
22053,64,41,23
22054,78,49,29
22055,13,5,8
22057,15,6,9
22058,13,6,7
22059,76,48,28
22060,88,49,39
22061,548,298,250
22062,8,6,2
22063,10,7,3
22064,6,4,2
22066,78,43,35
22067,0,0,0
22068,6,4,2
22069,30,13,17
22072,6,4,2
22074,23,11,12
22075,5,1,4
22076,14,5,9
22077,18,6,12
22078,23,12,11
22079,7,4,3
22080,20,14,6
22081,12,6,6
22082,23,5,18
22083,15,6,9
22084,35,21,14
22085,3,0,3
22086,6,5,1
22087,3,2,1
22088,5,3,2
22089,21,11,10
22090,6,2,4
22094,5,2,3
22095,3,1,2
22096,13,3,10
22099,34,13,21
22102,17,12,5
22103,35,14,21
22105,3,1,2
22106,0,0,0
22107,9,5,4
22109,21,12,9
22110,40,26,14
22111,0,0,0
22112,1194,592,602
22113,22,11,11
22114,6,4,2
22115,21,12,9
22116,129,73,56
22117,215,106,109
22119,101,66,35
22122,4,2,2
22124,11,8,3
22125,4031,2181,1850
22126,3,2,1
22127,28,11,17
22128,7,5,2
22129,17,11,6
22130,902,505,397
22131,1,0,1
22133,9,4,5
22135,9,5,4
22136,38,16,22
22137,61,46,15
22139,1,1,0
22141,3,1,2
22142,4,3,1
22143,15,13,2
22144,18,9,9
22149,13,11,2
22150,23,13,10
22151,5,3,2
22155,3,2,1
22156,19,14,5
22157,6,6,0
22158,1408,745,663
22160,10,5,5
22162,5,2,3
22163,14,11,3
22164,6,4,2
22165,24,17,7
22167,33,15,18
22168,0,0,0
22170,20,13,7
22172,10,6,4
22173,11,8,3
22174,10,4,6
22175,11,7,4
22176,14,11,3
22177,3,3,0
22178,9,6,3
22181,2,0,2
22182,17,11,6
22184,7,5,2
22186,12,8,4
22187,24,14,10
22188,8,2,6
22189,6,2,4
22190,12,7,5
22193,25,15,10
22195,14,8,6
22197,21,10,11
22199,787,422,365
22200,13,8,5
22201,9,7,2
22202,15,9,6
22203,2,1,1
22204,35,19,16
22205,15,12,3
22206,5,1,4
22207,1,0,1
22208,8,3,5
22209,4,1,3
22212,7,5,2
22213,286,159,127
22214,5,2,3
22215,6,3,3
22217,16,11,5
22218,1,1,0
22220,3,3,0
22221,6,2,4
22222,31,17,14
22223,3,2,1
22225,146,77,69
22226,50,22,28
22227,10,4,6
22228,34,14,20
22229,9,6,3
22230,20,10,10
22232,4,1,3
22233,6,5,1
22234,57,29,28
22235,3,2,1
22236,12,7,5
22239,3,2,1
22242,1,1,0
22243,2,1,1
22244,6,4,2
22245,19,9,10
22246,3,2,1
22247,4,2,2
22248,2,0,2
22249,5,3,2
22250,35,16,19
22251,20,13,7
22252,1,1,0
22253,2,1,1
22254,106,52,54
22901,26,14,12
22902,15,10,5
22903,37,20,17
22904,35,15,20
22905,14,9,5
22906,12,4,8
22907,143,82,61
22908,8,5,3
22909,25,15,10
44001,1,1,0
44002,3,2,1
44003,0,0,0
44004,36,20,16
44005,2,1,1
44006,15,12,3
44007,7,4,3
44008,133,76,57
44009,60,30,30
44010,18,12,6
44011,4,1,3
44012,35,19,16
44013,1531,789,742
44014,203,123,80
44016,23,13,10
44017,13,7,6
44018,0,0,0
44019,3,2,1
44020,1,1,0
44021,3,1,2
44022,33,21,12
44023,1,1,0
44024,1,1,0
44025,652,358,294
44026,6,4,2
44027,11,4,7
44028,5,4,1
44029,45,31,14
44031,2,1,1
44032,0,0,0
44033,14,12,2
44034,2,0,2
44035,2,1,1
44036,1,1,0
44037,34,20,14
44038,4,2,2
44039,5,2,3
44040,12,6,6
44041,3,1,2
44042,2,1,1
44043,3,3,0
44044,11,10,1
44045,20,8,12
44046,1,1,0
44047,7,5,2
44048,10,6,4
44049,52,31,21
44050,340,189,151
44051,342,183,159
44052,3,3,0
44053,6,3,3
44054,13,9,4
44055,8,6,2
44056,31,18,13
44059,26,14,12
44060,1,1,0
44061,6,4,2
44062,0,0,0
44063,8,5,3
44064,8,7,1
44065,1,0,1
44066,5,1,4
44067,9,1,8
44068,61,37,24
44070,2,1,1
44071,50,29,21
44074,28,13,15
44075,25,16,9
44076,207,122,85
44077,7,3,4
44080,18,8,10
44082,6,2,4
44084,1,1,0
44085,1,1,0
44086,26,11,15
44087,5,3,2
44088,2,2,0
44089,5,4,1
44090,2,2,0
44092,4,3,1
44093,12,6,6
44094,6,3,3
44096,11,8,3
44097,3,3,0
44099,137,72,65
44100,14,8,6
44101,0,0,0
44102,0,0,0
44103,11,4,7
44105,9,7,2
44106,17,11,6
44107,16,10,6
44108,32,19,13
44109,14,5,9
44110,0,0,0
44111,7,5,2
44112,27,24,3
44113,20,11,9
44114,12,9,3
44115,8,6,2
44116,3,1,2
44117,24,11,13
44118,7,3,4
44119,7,3,4
44120,9,4,5
44121,3,0,3
44122,136,68,68
44123,8,5,3
44124,2,1,1
44125,2,2,0
44126,29,19,10
44127,0,0,0
44128,1,0,1
44129,6,3,3
44130,1,0,1
44131,0,0,0
44132,1,0,1
44133,1,0,1
44135,5,2,3
44136,1,1,0
44137,6,5,1
44138,3,2,1
44141,2,1,1
44142,0,0,0
44143,29,16,13
44144,27,11,16
44145,81,46,35
44146,19,10,9
44147,28,21,7
44148,3,1,2
44149,10,7,3
44150,0,0,0
44151,9,7,2
44152,2,1,1
44153,207,115,92
44154,16,13,3
44155,110,59,51
44156,4,2,2
44157,2,2,0
44158,127,49,78
44159,4,2,2
44160,48,28,20
44161,24,14,10
44163,5,1,4
44164,1,1,0
44165,8,3,5
44167,4,3,1
44168,3,1,2
44169,22,12,10
44171,30,18,12
44172,9,8,1
44173,9,5,4
44174,45,19,26
44175,8,3,5
44176,10,7,3
44177,3,2,1
44178,4,2,2
44179,18,11,7
44180,1,1,0
44181,2,1,1
44182,16,11,5
44183,3,1,2
44184,3,3,0
44185,7,6,1
44187,9,5,4
44189,3,2,1
44190,4,3,1
44191,76,48,28
44192,21,12,9
44193,13,9,4
44194,9,3,6
44195,2,2,0
44196,8,5,3
44197,1,1,0
44198,14,7,7
44199,2,1,1
44200,1,0,1
44201,41,19,22
44203,2,2,0
44204,3,2,1
44205,42,28,14
44206,22,15,7
44207,13,10,3
44208,4,2,2
44209,48,31,17
44210,77,37,40
44211,0,0,0
44212,3,3,0
44213,3,3,0
44215,9,4,5
44216,2732,1395,1337
44217,1,1,0
44218,0,0,0
44219,6,4,2
44220,6,3,3
44221,17,11,6
44222,1,1,0
44223,5,2,3
44224,2,0,2
44225,2,1,1
44226,6,3,3
44227,2,1,1
44228,6,3,3
44229,14,6,8
44230,17,7,10
44231,7,3,4
44232,32,20,12
44234,4,4,0
44235,5,3,2
44236,10,8,2
44237,28,15,13
44238,382,183,199
44239,1,0,1
44240,9,8,1
44241,41,19,22
44243,2,2,0
44244,1,0,1
44245,16,9,7
44246,138,83,55
44247,9,4,5
44249,3,2,1
44250,0,0,0
44251,15,11,4
44252,7,2,5
44256,1,0,1
44257,5,1,4
44258,1,1,0
44260,12,8,4
44261,63,30,33
44262,4,2,2
44263,39,23,16
44264,41,27,14
44265,12,5,7
44266,1,0,1
44267,3,2,1
44268,1,1,0
50001,6,6,0
50002,8,6,2
50003,8,3,5
50004,40,24,16
50005,0,0,0
50006,91,54,37
50007,0,0,0
50008,602,305,297
50009,6,5,1
50010,0,0,0
50011,20,10,10
50012,3,2,1
50013,24,15,9
50014,17,9,8
50015,2,1,1
50016,1,1,0
50017,183,89,94
50018,125,65,60
50019,6,3,3
50020,91,50,41
50021,1,1,0
50022,8,6,2
50023,12,6,6
50024,35,18,17
50025,637,320,317
50026,42,17,25
50027,16,8,8
50028,3,2,1
50029,57,35,22
50030,23,14,9
50031,10,5,5
50032,21,13,8
50033,1,1,0
50034,63,35,28
50035,0,0,0
50036,0,0,0
50037,5,2,3
50038,140,79,61
50039,32,20,12
50040,4,3,1
50041,0,0,0
50042,0,0,0
50043,20,11,9
50044,15,6,9
50045,96,52,44
50046,9,8,1
50047,1,1,0
50048,1,1,0
50050,3,1,2
50051,67,39,28
50052,2,1,1
50053,57,29,28
50054,0,0,0
50055,453,232,221
50056,44,28,16
50057,119,64,55
50058,4,2,2
50059,30,16,14
50060,15,7,8
50061,23,18,5
50062,151,82,69
50063,4,2,2
50064,44,19,25
50065,0,0,0
50066,252,119,133
50067,1848,916,932
50068,276,156,120
50069,1,1,0
50070,3,2,1
50071,6,4,2
50072,4,2,2
50073,237,127,110
50074,924,432,492
50075,1,0,1
50076,4,2,2
50077,14,8,6
50078,16,7,9
50079,20,13,7
50080,1,1,0
50081,35,18,17
50082,3,3,0
50083,8,5,3
50084,5,3,2
50085,6,2,4
50086,4,2,2
50087,0,0,0
50088,18,10,8
50089,737,325,412
50090,7,5,2
50091,1,0,1
50092,71,12,59
50093,7,4,3
50094,144,72,72
50095,1622,799,823
50096,1,0,1
50098,9,5,4
50099,469,250,219
50100,16,8,8
50101,94,48,46
50102,69,29,40
50104,10,5,5
50105,21,16,5
50106,5,3,2
50107,83,41,42
50108,1,0,1
50109,1,1,0
50110,20,10,10
50111,16,10,6
50113,50,31,19
50114,9,7,2
50115,278,150,128
50116,14,9,5
50117,3,3,0
50118,269,129,140
50119,72,34,38
50120,1,1,0
50121,29,14,15
50122,2,1,1
50123,51,27,24
50124,20,10,10
50125,43,26,17
50126,285,126,159
50128,1,0,1
50129,25,13,12
50130,39,24,15
50131,16,11,5
50132,84,34,50
50133,5,4,1
50134,2,1,1
50135,7,5,2
50136,29,20,9
50137,48,26,22
50138,1,1,0
50139,20,12,8
50140,15,9,6
50141,7,3,4
50142,1,1,0
50143,38,27,11
50144,1,1,0
50146,25,10,15
50147,77,36,41
50148,9,5,4
50149,0,0,0
50150,90,43,47
50151,42,22,20
50152,164,77,87
50153,57,33,24
50154,6,4,2
50155,2,1,1
50156,23,11,12
50157,43,21,22
50159,80,45,35
50160,270,147,123
50161,4,2,2
50162,9,7,2
50163,362,165,197
50164,33,19,14
50165,137,81,56
50166,8,2,6
50167,6,2,4
50168,0,0,0
50169,16,10,6
50170,9,5,4
50171,0,0,0
50172,7,4,3
50173,3,0,3
50174,3,2,1
50175,76,43,33
50176,13,9,4
50177,22,14,8
50178,25,10,15
50179,6,3,3
50180,4,3,1
50181,84,47,37
50182,345,161,184
50183,26,9,17
50184,7,5,2
50185,0,0,0
50186,3,3,0
50187,1,1,0
50188,1,0,1
50189,83,51,32
50190,107,51,56
50191,30,23,7
50192,30,14,16
50193,65,30,35
50194,3,2,1
50195,5,3,2
50196,4,2,2
50197,3,1,2
50198,1,1,0
50199,26,14,12
50200,27,15,12
50201,48,27,21
50202,7,6,1
50203,91,49,42
50204,292,138,154
50205,5,2,3
50206,35,18,17
50207,0,0,0
50208,206,101,105
50209,303,139,164
50210,0,0,0
50211,31,17,14
50212,1,1,0
50213,5,1,4
50214,2,2,0
50215,0,0,0
50216,9,5,4
50217,32,23,9
50218,2,0,2
50219,438,186,252
50220,3,1,2
50221,1,1,0
50222,169,76,93
50223,66,35,31
50224,2,2,0
50225,281,149,132
50227,7,5,2
50228,19,8,11
50229,2,1,1
50230,89,51,38
50231,24,9,15
50232,17,6,11
50233,1,1,0
50234,15,11,4
50235,227,114,113
50236,8,6,2
50237,3,1,2
50238,2,2,0
50239,0,0,0
50240,54,30,24
50241,53,27,26
50242,4,3,1
50243,18,9,9
50244,8,2,6
50245,2,1,1
50246,3,0,3
50247,70,36,34
50248,26,10,16
50249,19,12,7
50250,2,0,2
50251,1203,464,739
50252,505,250,255
50253,50,32,18
50254,8,1,7
50255,6,3,3
50256,0,0,0
50257,15,8,7
50258,1,1,0
50259,0,0,0
50260,0,0,0
50261,17,9,8
50262,117,59,58
50263,15,8,7
50264,7,3,4
50265,4,2,2
50266,3,2,1
50267,30,20,10
50268,7,4,3
50269,28,16,12
50270,1,1,0
50271,7,4,3
50272,1443,681,762
50273,1,1,0
50274,1,1,0
50275,5,4,1
50276,5,3,2
50277,8,4,4
50278,16,9,7
50279,5,4,1
50280,23,12,11
50281,5,0,5
50282,5,2,3
50283,5,2,3
50284,12,10,2
50285,41,24,17
50286,4,3,1
50287,16,8,8
50288,318,153,165
50289,5,2,3
50290,26,19,7
50291,3,1,2
50292,3,1,2
50293,25,17,8
50294,1,0,1
50295,1,0,1
50296,32,17,15
50297,55462,28262,27200
50298,582,323,259
50901,1,0,1
50902,4,2,2
50903,116,52,64
33001,74,42,32
33002,1115,553,562
33003,56,30,26
33004,7160,3480,3680
33005,48,37,11
33006,132,70,62
33007,102,67,35
33008,167,90,77
33009,83,49,34
33010,140,76,64
33011,827,431,396
33012,652,328,324
33013,38,24,14
33014,862,414,448
33015,81,52,29
33016,1745,805,940
33017,232,121,111
33018,202,113,89
33019,228,142,86
33020,1552,757,795
33021,418,209,209
33022,84,35,49
33023,243,133,110
33024,25970,12181,13789
33025,711,349,362
33026,788,434,354
33027,53,31,22
33028,71,52,19
33029,24,19,5
33030,63,33,30
33031,4609,2391,2218
33032,1226,633,593
33033,1027,534,493
33034,828,465,363
33035,1039,508,531
33036,1337,712,625
17105,4201,2141,2060
33038,195,102,93
33039,161,78,83
33040,391,216,175
33041,551,273,278
33042,380,179,201
33043,59,38,21
33044,18099,8919,9180
33045,467,256,211
33046,54,29,25
33047,89,53,36
33048,14,9,5
33049,600,354,246
33050,40,25,15
33051,748,377,371
33052,37,19,18
33053,57,36,21
33054,81,51,30
33055,140,78,62
33056,522,242,280
33057,180,115,65
33058,176,96,80
33059,260,164,96
33060,1820,1008,812
33061,21,16,5
33062,19,15,4
33063,28,17,11
33064,16,10,6
33065,81,35,46
33066,4218,2091,2127
33067,38,20,18
33068,40,27,13
33069,357,176,181
33070,252,133,119
33071,26,11,15
33072,85,44,41
33073,585,327,258
33074,344,188,156
33075,39,23,16
33076,980,515,465
33077,87,58,29
33078,12,8,4
07001,396,187,209
07002,706,375,331
07003,1967,1012,955
07004,343,167,176
07005,870,453,417
07006,540,282,258
07007,16,13,3
07008,651,311,340
07009,79,42,37
07010,378,174,204
07011,4029,2001,2028
07012,171,87,84
07013,703,372,331
07014,1049,558,491
07015,2174,1117,1057
07016,278,139,139
07017,94,43,51
07018,25,11,14
07019,4,1,3
07020,306,142,164
07021,10,5,5
07022,1792,1027,765
07023,247,129,118
07024,647,356,291
07025,20,7,13
07026,4805,2654,2151
07027,3661,2073,1588
07028,105,56,49
07029,669,381,288
07030,171,87,84
07031,3151,1566,1585
07032,2844,1507,1337
07033,3948,2099,1849
07034,92,50,42
07035,146,81,65
07036,2529,1171,1358
07037,341,169,172
07038,200,110,90
07039,568,356,212
07040,39672,20867,18805
07041,179,110,69
07042,1323,681,642
07043,340,189,151
07044,1119,681,438
07045,93,47,46
07046,2181,1266,915
07047,188,93,95
07048,1735,919,816
07049,128,79,49
07050,319,159,160
07051,459,243,216
07052,438,238,200
07053,84,52,32
07054,2493,1261,1232
07055,1017,568,449
07056,462,220,242
07057,1003,517,486
07058,257,147,110
07059,390,229,161
07060,263,142,121
07061,756,409,347
07062,1261,672,589
07063,102,47,55
07064,744,373,371
07065,229,127,102
07901,48,28,20
07902,79,42,37
35001,870,437,433
35002,4233,2062,2171
35003,1002,512,490
35004,8622,4640,3982
35005,143,74,69
35006,5168,2492,2676
35007,85,42,43
35008,1022,479,543
35009,3624,1800,1824
35010,506,284,222
35011,4351,2252,2099
35012,1706,790,916
16135,1099,532,567
35014,2374,1230,1144
35015,1707,952,755
35016,51001,24657,26344
35017,4927,2475,2452
35018,1933,954,979
35019,5794,2771,3023
35020,1079,608,471
35021,1745,897,848
35022,10011,4826,5185
35023,1939,927,1012
35024,1720,863,857
35025,180,103,77
35026,15174,7416,7758
35027,1413,692,721
35028,1590,782,808
35029,578,313,265
35030,1572,842,730
35031,1132,547,585
35032,459,252,207
35033,1015,516,499
35034,1160,597,563
38001,3665,1754,1911
38002,129,77,52
38003,204,122,82
38004,697,343,354
38005,864,495,369
38006,8511,4244,4267
38007,226,126,100
38008,812,422,390
38009,576,291,285
38010,662,365,297
38011,2715,1272,1443
38012,326,178,148
38013,458,251,207
38014,141,70,71
38015,694,382,312
38016,149,84,65
38017,5715,2982,2733
38018,782,415,367
38019,2226,1179,1047
38020,2922,1548,1374
38021,295,173,122
38022,3753,2055,1698
38023,19281,9820,9461
38024,2373,1179,1194
38025,1427,834,593
38026,5473,2970,2503
38027,925,472,453
38028,3997,1939,2058
38029,203,101,102
38030,268,120,148
38031,5525,2878,2647
38032,1607,812,795
38033,484,231,253
38034,849,455,394
38035,1627,817,810
38036,1058,613,445
38037,2182,1110,1072
38038,26419,13233,13186
38039,1987,1100,887
38040,773,401,372
38041,1132,665,467
38042,627,325,302
38043,3489,1920,1569
38044,442,252,190
38045,644,326,318
38046,1246,641,605
38047,309,161,148
38048,526,313,213
38049,385,226,159
38050,385,216,169
38051,1507,911,596
38052,197,110,87
38053,591,307,284
38901,175,91,84
39001,210,137,73
39002,409,229,180
39003,19,15,4
39004,168,103,65
39005,135,71,64
39006,216,121,95
39007,38,22,16
39008,1560,834,726
39009,360,199,161
39010,67,43,24
39011,149,76,73
39012,767,440,327
39013,30,17,13
39014,90,56,34
39015,42,29,13
39016,2537,1338,1199
39017,46,22,24
39018,546,281,265
39019,194,106,88
39020,2777,1358,1419
30019,27,19,8
39022,105,71,34
39023,807,397,410
39024,239,122,117
39025,898,477,421
39026,136,87,49
39027,264,132,132
39028,332,174,158
39029,58,31,27
39030,176,94,82
39031,108,67,41
39032,78,47,31
39033,59,43,16
39034,14,9,5
39035,1128,612,516
39036,90,49,41
39037,154,98,56
39038,168,91,77
39039,31,19,12
39040,335,202,133
39041,170,102,68
39042,563,285,278
39043,170,76,94
39044,350,182,168
39045,27,19,8
39046,160,98,62
39047,286,153,133
39048,113,63,50
39049,26,18,8
39050,22,18,4
39051,7,5,2
39052,1586,838,748
39053,9,8,1
39054,462,249,213
39055,95,57,38
39056,212,130,82
39057,254,132,122
39058,90,49,41
39059,805,399,406
39060,716,391,325
39061,324,177,147
39062,120,69,51
39063,85,66,19
39064,133,65,68
39065,22,15,7
39066,70,52,18
39067,71,41,30
39068,48,26,22
39069,184,114,70
39070,11,9,2
39071,39,27,12
39072,42,25,17
39073,683,353,330
39074,751,426,325
39075,14686,7624,7062
39076,307,165,142
39077,22,17,5
39078,100,62,38
39079,1200,666,534
39080,438,236,202
39081,41,24,17
39082,121,73,48
39083,64,37,27
39084,60,37,23
39085,774,395,379
39086,20,15,5
39087,5660,3017,2643
39088,4,3,1
39089,13,10,3
39090,86,52,34
39091,195,127,68
39092,79,47,32
39093,16,9,7
39094,56,36,20
39095,305,174,131
39096,34,20,14
39097,61,44,17
39098,90,66,24
39099,247,143,104
39100,70,46,24
39101,20,16,4
39102,231,133,98
05001,19,12,7
05002,359,202,157
05005,18,6,12
05007,5,5,0
05008,31,13,18
05010,9,2,7
05012,7,3,4
05013,106,60,46
05014,805,435,370
05015,5,2,3
05016,787,414,373
05017,5,4,1
05018,0,0,0
05019,5543,2680,2863
05021,172,84,88
05022,166,93,73
05023,17,10,7
05024,12,8,4
05025,2,1,1
05026,13,6,7
05027,14,8,6
05029,16,7,9
05030,4,4,0
05033,9,5,4
05034,1,1,0
05035,10,4,6
05036,8,1,7
05037,17,11,6
05038,6,4,2
05039,1,1,0
05040,2,2,0
05041,126,66,60
05042,9,3,6
05043,2,1,1
05044,13,9,4
05045,7,4,3
05046,4,2,2
05047,507,287,220
05048,6,4,2
05049,28,13,15
05051,11,2,9
05052,5,3,2
05053,5,2,3
05054,218,137,81
05055,139,92,47
05056,6,3,3
05057,402,231,171
05058,4,3,1
05059,5,2,3
05060,3,2,1
05061,24,13,11
05062,9,6,3
05063,1,1,0
05064,11,5,6
05065,50,23,27
05066,75,48,27
05067,4,3,1
05069,2,0,2
05070,2,1,1
05072,6,3,3
05073,25,13,12
05074,45,28,17
05075,8,7,1
05076,33,14,19
05077,14,2,12
05078,12,7,5
05079,5,2,3
05080,1,0,1
05081,1,0,1
05082,74,43,31
05083,19,11,8
05084,2,2,0
05085,0,0,0
05086,2,2,0
05087,8,4,4
05088,1,0,1
05089,45,26,19
05090,6,1,5
05092,6,4,2
05093,82,52,30
05094,5,2,3
05095,32,23,9
05096,7,5,2
05097,41,26,15
05099,45,23,22
05100,38,17,21
05101,12,9,3
05102,415,224,191
05103,6,2,4
05104,0,0,0
05105,26,15,11
05106,2,2,0
05107,1,0,1
05108,5,4,1
05109,47,19,28
05110,122,62,60
05112,12,10,2
05113,5,5,0
05114,215,102,113
05115,57,24,33
05116,6,4,2
05117,21,9,12
05118,7,5,2
05119,1,0,1
05120,1,1,0
05121,20,9,11
05122,5,2,3
05123,11,6,5
05124,4,3,1
05125,3,2,1
05126,1,0,1
05127,63,41,22
05128,47,29,18
05129,2,1,1
05130,7,5,2
05131,3,1,2
05132,108,60,48
05133,2,0,2
05134,8,3,5
05135,29,18,11
05136,5,2,3
05138,27,16,11
05139,2,2,0
05140,9,3,6
05141,8,4,4
05142,5,4,1
05143,2,1,1
05144,4,3,1
05145,2,1,1
05147,8,3,5
05148,2,2,0
05149,3,2,1
05151,7,3,4
05152,70,30,40
05153,3,3,0
05154,2,0,2
05155,4,2,2
05156,34,22,12
05157,6,6,0
05158,29,16,13
05159,15,8,7
05160,21,16,5
05161,146,85,61
05162,6,6,0
05163,210,117,93
05164,0,0,0
05165,33,23,10
05166,13,7,6
05167,6,4,2
05168,687,390,297
05169,14,8,6
05170,2,1,1
05171,0,0,0
05172,14,6,8
05173,2,0,2
05174,2,2,0
05175,9,5,4
05176,14,7,7
05177,7,2,5
05178,23,9,14
05179,23,10,13
05180,8,6,2
05181,0,0,0
05182,94,70,24
05183,9,5,4
05184,20,13,7
05185,9,5,4
05186,145,63,82
05187,300,156,144
05188,2,1,1
05189,57,37,20
05190,2,1,1
05191,9,5,4
05192,6,3,3
05193,19,9,10
05194,6,5,1
05195,10,10,0
05196,4,3,1
05197,10,4,6
05198,6,3,3
05199,0,0,0
05200,1,1,0
05201,62,45,17
05204,64,31,33
05205,3,2,1
05206,4,2,2
05207,81,51,30
05208,2,1,1
05209,6,4,2
05210,3,3,0
05211,43,30,13
05212,17,13,4
05213,9,5,4
05214,5,4,1
05215,5,5,0
05216,12,6,6
05217,5,3,2
05218,7,6,1
05219,4,2,2
05220,44,23,21
05221,46,31,15
05222,11,9,2
05224,5,1,4
05225,30,19,11
05226,4,3,1
05227,72,44,28
05228,13,6,7
05229,3,2,1
05230,7,3,4
05231,14,8,6
05232,3,3,0
05233,9,7,2
05234,7,1,6
05235,6,3,3
05236,7,2,5
05237,7,2,5
05238,78,48,30
05239,14,7,7
05240,653,366,287
05241,674,381,293
05242,105,53,52
05243,8,3,5
05244,1,1,0
05245,38,17,21
05246,2,2,0
05247,16,9,7
05249,11,5,6
05251,0,0,0
05252,4,3,1
05253,7,3,4
05254,24,12,12
05256,9,5,4
05257,8,4,4
05258,7,5,2
05259,10,4,6
05260,3,1,2
05261,4,2,2
05262,38,22,16
05263,10,8,2
05264,4,1,3
05265,4,4,0
05266,4,1,3
05267,5,4,1
05901,14,10,4
05902,19,9,10
05903,10,5,5
05904,7,5,2
05905,2,2,0
09001,1,0,1
09003,12,7,5
09006,5,3,2
09007,2,0,2
09009,14,8,6
09010,1,1,0
09011,0,0,0
09012,4,3,1
09013,2,1,1
09014,5,5,0
09016,7,2,5
09017,11,9,2
09018,2924,1326,1598
09019,6,2,4
09020,13,7,6
09021,4,4,0
09022,0,0,0
09023,78,35,43
09024,14,6,8
09025,7,3,4
09026,19,10,9
09027,4,3,1
09029,8,7,1
09030,5,3,2
09032,4,1,3
09033,2,1,1
09034,9,5,4
09035,26,13,13
09036,6,4,2
09037,5,3,2
09038,8,6,2
09039,6,4,2
09041,1,0,1
09043,4,1,3
09044,1,0,1
09045,10,6,4
09046,0,0,0
09047,2,2,0
09048,118,67,51
09050,1,0,1
09051,9,5,4
09052,0,0,0
09054,5,3,2
09055,5,2,3
09056,799,382,417
09057,11,7,4
09058,37,20,17
09059,14114,6708,7406
09060,7,3,4
09061,3,2,1
09062,0,0,0
09063,18,7,11
09064,29,18,11
09065,5,3,2
09066,1,1,0
09067,44,22,22
09068,1,0,1
09070,1,1,0
09071,2,1,1
09072,14,7,7
09073,81,41,40
09074,73,32,41
09075,6,2,4
09076,1,1,0
09077,0,0,0
09078,1,0,1
09079,0,0,0
09082,0,0,0
09083,1,0,1
09084,11,8,3
09085,54,32,22
09086,30,15,15
09088,4,3,1
09090,2,1,1
09091,41,20,21
09093,6,3,3
09094,3,3,0
09095,3,2,1
09098,28,15,13
09100,2,2,0
09101,2,0,2
09102,6,4,2
09103,4,3,1
09104,0,0,0
09105,2,1,1
09108,32,15,17
09109,50,17,33
09110,4,3,1
09112,1,1,0
09113,47,33,14
09114,5,2,3
09115,3,2,1
09117,9,5,4
09119,4,3,1
09120,2,1,1
09122,3,2,1
09123,0,0,0
09124,134,76,58
09125,31,16,15
09127,1,0,1
09128,6,3,3
09129,5,4,1
09130,6,4,2
09131,44,23,21
09132,10,9,1
09133,3,1,2
09134,26,14,12
09135,2,0,2
09136,14,11,3
09137,14,8,6
09138,4,4,0
09139,2,2,0
09140,16,8,8
09141,43,17,26
09143,0,0,0
09144,2,1,1
09148,1,1,0
09149,0,0,0
09151,40,23,17
09152,29,17,12
09154,8,3,5
09155,0,0,0
09159,1,0,1
09160,0,0,0
09162,2,0,2
09163,32,17,15
09164,11,6,5
09166,2,2,0
09167,1,1,0
09168,17,7,10
09169,8,5,3
09170,14,11,3
09172,2,0,2
09173,11,8,3
09174,48,26,22
09175,5,4,1
09176,3,2,1
09177,77,37,40
09178,1,0,1
09179,1,1,0
09180,1,0,1
09181,11,5,6
09182,3,1,2
09183,0,0,0
09184,1,0,1
09189,6,2,4
09190,4,3,1
09191,0,0,0
09192,5,5,0
09194,217,111,106
09195,1,1,0
09196,5,4,1
09197,12,7,5
09198,3,2,1
09199,4,2,2
09200,3,1,2
09201,2,2,0
09202,0,0,0
09206,2,1,1
09208,20,16,4
09209,585,294,291
09211,115,57,58
09213,22,15,7
09214,55,37,18
09215,25,21,4
09216,35,26,9
09217,13,5,8
09218,30,15,15
09219,3411,1799,1612
09220,3,1,2
09221,42,22,20
09223,3,3,0
09224,9,8,1
09225,1,1,0
09226,3,2,1
09227,9,4,5
09228,4,2,2
09229,24,12,12
09230,0,0,0
09231,5,5,0
09232,7,3,4
09235,7,1,6
09236,0,0,0
09238,58,37,21
09239,2,0,2
09241,16,10,6
09242,5,3,2
09243,0,0,0
09244,2,2,0
09246,35,20,15
09247,7,2,5
09248,4,3,1
09249,2,1,1
09250,14,8,6
09251,30,13,17
09253,2,1,1
09255,7,3,4
09256,34,20,14
09257,5,3,2
09258,10,7,3
09259,6,4,2
09261,33,19,14
09262,7,5,2
09265,3,3,0
09266,1,1,0
09267,3,2,1
09268,5,4,1
09269,4,3,1
09270,3,2,1
09272,18,12,6
09273,4,1,3
09274,132,64,68
09275,9,6,3
09276,29,14,15
09277,6,4,2
09279,11,6,5
09280,1,1,0
09281,10,3,7
09283,4,1,3
09287,14,4,10
09288,4,2,2
09289,187,107,80
09292,6,4,2
09294,6,3,3
09295,1,1,0
09297,18,15,3
09298,2,1,1
09301,48,16,32
09302,1,1,0
09303,0,0,0
09304,9,5,4
09306,3,2,1
09307,16,7,9
09308,3,2,1
09309,30,15,15
09310,0,0,0
09311,2,2,0
09312,7,6,1
09314,8,6,2
09315,26,10,16
09316,5,1,4
09317,0,0,0
09318,2,2,0
09321,234,131,103
09323,1,0,1
09325,4,3,1
09326,12,5,7
09327,1,0,1
09328,1,1,0
09329,11,6,5
09330,158,89,69
09332,14,7,7
09334,4,3,1
09335,2,2,0
09337,10,8,2
09338,16,8,8
09339,14,11,3
09340,1,1,0
09343,14,10,4
09345,5,4,1
09346,7,3,4
09347,7,5,2
09348,14,7,7
09350,37,22,15
09351,0,0,0
09352,1,1,0
09353,4,2,2
09354,0,0,0
09355,4,2,2
09356,2,2,0
09358,11,9,2
09360,0,0,0
09361,1,0,1
09362,15,8,7
09363,35,18,17
09365,1,1,0
09366,1,0,1
09368,0,0,0
09369,33,24,9
09372,17,6,11
09373,14,9,5
09374,0,0,0
09375,2,0,2
09377,35,13,22
09378,0,0,0
09380,0,0,0
09381,0,0,0
09382,0,0,0
09384,14,7,7
09386,6,3,3
09387,4,1,3
09388,1,1,0
09389,4,3,1
09390,28,16,12
09391,18,12,6
09392,1,1,0
09394,51,33,18
09395,2,1,1
09396,11,9,2
09398,3,2,1
09400,18,10,8
09403,2,2,0
09405,5,2,3
09406,22,12,10
09407,1,1,0
09408,0,0,0
09409,17,11,6
09410,249,142,107
09411,10,6,4
09412,64,39,25
09413,28,18,10
09414,3,1,2
09415,15,6,9
09416,12,5,7
09417,0,0,0
09418,3,2,1
09419,3,3,0
09421,17,8,9
09422,0,0,0
09423,3,2,1
09424,0,0,0
09425,46,25,21
09427,74,47,27
09428,2,0,2
09429,3,2,1
09430,0,0,0
09431,9,6,3
09432,2,2,0
09433,1,1,0
09434,99,40,59
09437,8,5,3
09438,24,10,14
09439,67,30,37
09440,4,1,3
09441,4,2,2
09442,25,14,11
09443,6,2,4
09444,2,2,0
09445,2,1,1
09446,0,0,0
09447,2,2,0
09448,9,8,1
09449,6,3,3
09450,1,0,1
09451,14,5,9
09454,1,1,0
09455,0,0,0
09456,9,6,3
09458,33,10,23
09460,9,6,3
09463,13,7,6
09464,4,2,2
09466,3,3,0
09467,2,1,1
09471,9,5,4
09472,1,1,0
09473,3,2,1
09476,0,0,0
09478,1,1,0
09480,0,0,0
09482,2,2,0
09483,16,9,7
09485,0,0,0
09901,27,12,15
09902,21,13,8
09903,467,248,219
09904,25,15,10
09905,29,15,14
09906,61,28,33
09907,193,105,88
09908,34,21,13
24001,5,5,0
24002,12,2,10
24003,50,36,14
24004,47,29,18
24005,31,20,11
24006,40,24,16
24007,127,68,59
24008,1019,448,571
24009,22,15,7
24010,1048,462,586
24011,13,10,3
24012,10,6,4
24014,1062,531,531
24015,205,116,89
24016,34,15,19
24017,32,23,9
24018,14,7,7
24019,26,11,15
24020,19,15,4
24021,165,110,55
24022,29,16,13
24023,27,15,12
24024,31,20,11
24025,14,12,2
24026,52,30,22
24027,140,73,67
24028,13,9,4
24029,31,15,16
24030,635,301,334
24031,10,3,7
24032,2,1,1
24033,4,4,0
24034,426,201,225
24036,29,22,7
24037,14,11,3
24038,332,181,151
24039,130,79,51
24040,31,18,13
24041,46,29,17
24042,0,0,0
24043,8,7,1
24044,14,10,4
24046,90,52,38
24047,60,40,20
24049,161,96,65
24050,4,2,2
24051,13,7,6
24052,9,7,2
24053,44,22,22
24054,22,14,8
24055,55,42,13
24056,350,163,187
24057,138,69,69
24058,7,4,3
24059,75,43,32
24060,24,13,11
24061,141,81,60
24062,7,4,3
24063,20,13,7
24064,182,95,87
24065,168,90,78
24066,29,18,11
24067,51,24,27
24068,27,11,16
24069,0,0,0
24070,525,230,295
24071,117,63,54
24073,16,7,9
24074,0,0,0
24076,80,42,38
24077,8,3,5
24078,20,13,7
24079,70,43,27
24080,5,1,4
24081,3,0,3
24082,66,32,34
24083,89,59,30
24084,9,6,3
24086,7,1,6
24087,30,15,15
24088,70,46,24
24089,10735,5102,5633
24090,23,15,8
24091,34,23,11
24092,51,37,14
24093,17,9,8
24094,198,110,88
24095,27,11,16
24096,0,0,0
24097,7,5,2
24098,83,47,36
24099,4,1,3
24100,69,40,29
24101,12,8,4
24102,47,25,22
24103,18,11,7
24104,15,12,3
24105,109,58,51
24106,14,9,5
24107,8,5,3
24108,32,18,14
24109,90,46,44
24110,122,75,47
24112,13,6,7
24113,18,14,4
24114,310,179,131
24115,7313,3606,3707
24116,19,8,11
24117,40,19,21
24118,13,10,3
24119,80,48,32
24120,18,10,8
24121,47,28,19
24122,125,54,71
24123,86,55,31
24124,23,13,10
24125,30,19,11
24127,8,4,4
24129,8,5,3
24130,36,21,15
24131,42,27,15
24132,26,16,10
24133,18,11,7
24134,328,167,161
24136,22,11,11
24137,120,66,54
24139,153,75,78
24141,10,6,4
24142,2686,1257,1429
24143,61,37,24
24144,43,21,22
24145,28,18,10
24146,17,13,4
24148,131,62,69
24149,10,5,5
24150,5,4,1
24151,27,13,14
24152,29,17,12
24153,11,8,3
24154,107,54,53
24155,23,13,10
24156,6,5,1
24157,185,90,95
24158,8,8,0
24159,96,50,46
24160,51,27,24
24161,16,9,7
24162,157,77,80
24163,254,122,132
24164,6,3,3
15080,19,13,6
24166,93,49,44
24167,79,43,36
24168,26,16,10
24169,345,186,159
24170,194,121,73
24171,25,17,8
24172,22,10,12
24173,69,48,21
24174,19,7,12
24175,128,67,61
24176,11,5,6
24177,17,12,5
24178,4,3,1
24179,19,9,10
24180,69,42,27
24181,135,82,53
24182,26,13,13
24183,63,38,25
24184,14,9,5
24185,37,20,17
24187,63,37,26
24188,419,178,241
24189,563,265,298
24190,4,1,3
24191,6,2,4
24193,32,14,18
24194,12,5,7
24196,207,122,85
24197,58,33,25
24198,52,37,15
24199,27,20,7
24201,52,27,25
24202,765,354,411
24203,6,3,3
24205,67,26,41
24206,200,104,96
24207,28,18,10
24209,302,152,150
24210,33,19,14
24211,11,8,3
24212,78,41,37
24213,4,4,0
24214,50,25,25
24215,2,1,1
24216,46,33,13
24217,2,2,0
24218,31,17,14
24219,43,25,18
24221,67,34,33
24222,1393,693,700
24223,209,113,96
24224,30,19,11
24225,73,48,25
24226,6,5,1
24227,137,72,65
24228,38,24,14
24229,13,8,5
24230,21,15,6
24901,55,25,30
24902,13,8,5
34001,2,0,2
34003,4,3,1
34004,567,240,327
34005,91,39,52
34006,3,1,2
34009,2,0,2
34010,37,25,12
34011,20,11,9
34012,9,6,3
34015,0,0,0
34017,56,24,32
34018,10,5,5
34019,4,1,3
34020,4,3,1
34022,55,29,26
34023,615,329,286
34024,4,3,1
34025,1,1,0
34027,113,64,49
34028,10,5,5
34029,55,26,29
34031,0,0,0
34032,5,3,2
34033,0,0,0
34034,11,9,2
34035,10,8,2
34036,19,12,7
34037,14,11,3
34038,16,11,5
34039,1,1,0
34041,5,2,3
34042,15,6,9
34045,5,2,3
34046,2,1,1
34047,169,90,79
34048,4,3,1
34049,23,16,7
34050,9,5,4
34051,2,1,1
34052,4,2,2
34053,16,9,7
34055,20,14,6
34056,152,77,75
34057,16,11,5
34058,6,4,2
34059,36,22,14
34060,11,6,5
34061,2,1,1
34062,12,9,3
34063,6,3,3
34066,4,3,1
34067,9,6,3
34068,0,0,0
34069,245,137,108
34070,4,1,3
34071,7,4,3
34072,7,2,5
34073,15,7,8
34074,44,28,16
34076,22,15,7
34077,21,12,9
34079,121,53,68
34080,747,385,362
34081,5,1,4
34082,4,2,2
34083,157,76,81
34084,10,6,4
34086,11,5,6
34087,2,2,0
34088,11,7,4
34089,7,4,3
34091,5,1,4
34092,19,7,12
34093,4,2,2
34094,0,0,0
34096,1,0,1
34098,64,31,33
34099,3,2,1
34100,12,9,3
34101,5,3,2
34102,11,7,4
34103,4,3,1
34104,20,10,10
34106,2,2,0
34107,1,1,0
34108,58,32,26
34109,1,0,1
34110,7,6,1
34112,2,0,2
34113,1,0,1
34114,9,5,4
34116,2,2,0
34120,6753,3210,3543
34121,3,1,2
34122,6,3,3
34123,170,79,91
34124,3,2,1
34125,3,2,1
34126,22,14,8
34127,2,1,1
34129,17,12,5
34130,13,8,5
34131,2,2,0
34132,6,4,2
34133,7,4,3
34134,5,2,3
34135,21,11,10
34136,22,16,6
34137,0,0,0
34139,15,9,6
34140,5,4,1
34141,10,3,7
34143,11,8,3
34146,1,1,0
34147,11,7,4
34149,0,0,0
34151,8,4,4
34152,10,5,5
34154,4,2,2
34155,8,5,3
34156,1,0,1
34157,281,151,130
34158,22,13,9
34159,30,17,13
34160,16,9,7
34161,0,0,0
34163,2,2,0
34165,1,1,0
34167,5,2,3
34168,2,2,0
34169,43,23,20
34170,1,1,0
34171,74,45,29
34174,8,2,6
34175,5,4,1
34176,11,5,6
34177,17,8,9
34178,1,1,0
34179,0,0,0
34180,4,4,0
34181,52,34,18
34182,79,47,32
34184,5,4,1
34185,1,1,0
34186,0,0,0
34189,1,1,0
34190,3,1,2
34192,5,3,2
34196,7,2,5
34199,132,72,60
34201,12,6,6
34202,0,0,0
34204,1,0,1
34205,0,0,0
34206,57,33,24
34208,5,3,2
34210,2,1,1
34211,8,5,3
34213,3,3,0
34214,21,11,10
34215,9,5,4
34216,0,0,0
34217,92,43,49
34218,25,11,14
34220,9,6,3
34221,8,7,1
34222,4,1,3
34223,10,6,4
34224,3,2,1
34225,503,248,255
34227,0,0,0
34228,4,2,2
34229,3,3,0
34230,0,0,0
34231,8,5,3
34232,86,47,39
34233,9,8,1
34234,3,3,0
34236,7,5,2
34237,50,27,23
34238,15,7,8
34240,5,3,2
34241,1,1,0
34242,2,0,2
34243,23,15,8
34245,27,17,10
34246,4,4,0
34901,81,48,33
34902,3,2,1
34903,8,6,2
34904,25,14,11
37001,12,7,5
37002,19,16,3
37003,7,5,2
37004,1,1,0
37005,5,2,3
37006,10,8,2
37007,21,8,13
37008,564,266,298
37009,20,12,8
37010,51,27,24
37011,11,3,8
37012,12,7,5
37013,11,5,6
37014,93,57,36
37015,32,20,12
37016,51,25,26
37017,11,7,4
37018,10,3,7
37019,13,9,4
37020,38,20,18
37021,5,3,2
37022,32,15,17
37023,127,51,76
37024,2,0,2
37025,18,8,10
37026,14,9,5
37027,18,10,8
37028,7,4,3
37029,30,14,16
37030,6,3,3
37031,16,8,8
37032,78,43,35
37033,12,6,6
37034,4,2,2
37035,18,11,7
37036,6,5,1
37037,8,6,2
37038,84,42,42
37039,20,10,10
37040,64,29,35
37041,1,1,0
37042,1,0,1
37044,34,22,12
37045,2,1,1
37046,1688,663,1025
37047,5,2,3
37049,7,6,1
37050,1,1,0
37051,4,3,1
37052,19,7,12
37054,25,13,12
37055,4,3,1
37056,11,5,6
37057,19,3,16
37058,4,1,3
37059,6,5,1
37060,9,2,7
37061,16,10,6
37062,6,5,1
37063,2,0,2
37065,27,12,15
37067,225,96,129
37068,27,11,16
37069,120,62,58
37070,59,36,23
37071,3,1,2
37072,12,9,3
37073,41,20,21
37074,16,11,5
37077,21,11,10
37078,84,34,50
37079,3,2,1
37080,34,16,18
37081,123,65,58
37082,90,54,36
37083,23,10,13
37085,588,257,331
37086,4,0,4
37087,72,29,43
37088,14,6,8
37089,4,1,3
37090,4,2,2
37091,11,5,6
37092,170,75,95
37096,27,14,13
37097,5,4,1
37098,36,22,14
37099,8,7,1
37100,2,2,0
37101,7,4,3
37102,38,24,14
37103,41,14,27
37104,0,0,0
37106,16,7,9
37107,1588,735,853
37108,4,2,2
37109,19,9,10
37110,7,5,2
37112,14,7,7
37113,23,6,17
37114,3,2,1
37115,7,3,4
37116,2,2,0
37117,139,67,72
37118,21,11,10
37119,12,6,6
37120,8,3,5
37121,56,37,19
37122,14,5,9
37123,7,3,4
37124,13,8,5
37125,14,10,4
37126,1,0,1
37127,26,11,15
37128,20,12,8
37129,18,7,11
37130,10,8,2
37131,7,5,2
37132,32,20,12
37133,5,1,4
37134,22,10,12
37135,96,45,51
37136,50,23,27
37137,2,1,1
37138,26,4,22
37139,18,5,13
37140,83,52,31
37141,5,3,2
37142,44,16,28
37143,21,8,13
37144,32,18,14
37145,33,16,17
37146,4,2,2
37147,15,8,7
37148,32,18,14
37149,0,0,0
37150,0,0,0
37151,7,3,4
37152,41,25,16
37154,7,5,2
37155,8,4,4
37156,463,148,315
37157,8,8,0
37158,18,13,5
37159,2,2,0
37160,48,17,31
37161,8,3,5
37162,21,10,11
37163,6,3,3
37164,20,7,13
37165,3,0,3
37166,13,6,7
37167,2,1,1
37168,71,31,40
37169,21,10,11
37170,174,101,73
37171,38,14,24
37172,46,27,19
37173,133,75,58
37174,85,49,36
37175,51,28,23
37176,14,5,9
37177,24,13,11
37178,3,2,1
37179,14,6,8
37180,2,2,0
37181,25,15,10
37182,5,2,3
37183,44,12,32
37184,16,10,6
37185,64,37,27
37186,4,2,2
37187,72,41,31
37188,15,7,8
37189,1,0,1
37190,4,3,1
37191,7,6,1
37192,36,16,20
37193,40,25,15
37194,14,10,4
37195,6,2,4
37196,5,3,2
37197,4,4,0
37198,18,12,6
37199,15,11,4
37200,15,4,11
37201,22,10,12
37202,109,39,70
37203,6,3,3
37204,30,16,14
37205,12,6,6
37206,5,3,2
37207,26,16,10
37208,0,0,0
37209,55,26,29
37211,6,1,5
37212,18,8,10
37213,0,0,0
37214,7,6,1
37215,12,5,7
37216,25,9,16
37217,5,4,1
37218,0,0,0
37219,19,5,14
37221,52,26,26
37222,4,1,3
37223,5,5,0
37224,9,4,5
37225,7,5,2
37226,6,3,3
37228,41,16,25
37229,7,4,3
37230,23,11,12
37231,15,9,6
37232,46,19,27
37233,8,5,3
37234,43,25,18
37235,30,10,20
37236,5,3,2
37237,25,10,15
37238,13,6,7
37239,7,3,4
37240,100,52,48
37241,17,11,6
37242,2,0,2
37243,8,4,4
37244,28,14,14
37245,42,20,22
37246,754,335,419
37247,18,11,7
37248,9,3,6
37249,2,1,1
37250,42,27,15
37251,7,5,2
37252,7,4,3
37253,10,4,6
37254,14,8,6
37255,3,1,2
37256,25,12,13
37257,3,2,1
37258,13,9,4
37259,1,1,0
37260,13,7,6
37261,12,5,7
37262,2,2,0
37263,33,20,13
37264,8,6,2
37265,18,5,13
37266,1,1,0
37267,17,9,8
37268,12,5,7
37269,45,26,19
37270,12,5,7
37271,36,18,18
37272,12,6,6
37273,1,1,0
37274,15106,7036,8070
37275,9,6,3
37276,16,12,4
37277,0,0,0
37278,91,41,50
06118,77,40,37
37280,3,1,2
37281,2,1,1
37282,15,6,9
37283,13,6,7
37284,27,11,16
37285,27,19,8
37286,17,6,11
37287,24,7,17
37288,20,9,11
37289,12,3,9
37290,10,6,4
37291,21,12,9
37292,4,2,2
37293,10,8,2
37294,1538,726,812
37296,23,10,13
37297,37,13,24
37298,6,3,3
37299,16,10,6
37300,34,18,16
37301,2,0,2
37302,28,18,10
37303,21,17,4
37304,9,7,2
37305,16,10,6
37306,12,9,3
37307,7,4,3
37309,1,0,1
37310,11,3,8
37311,11,8,3
37312,26,7,19
37313,59,24,35
37314,4,3,1
37315,12,8,4
37316,40,18,22
37317,27,10,17
37318,7,3,4
37319,5,3,2
37320,6,3,3
37321,6,4,2
37322,507,248,259
37323,49,27,22
37324,17,10,7
37325,4,3,1
37327,19,8,11
37328,16,11,5
37329,1,0,1
37330,17,2,15
37331,12,6,6
37332,4,2,2
37333,22,9,13
37334,13,8,5
37335,50,23,27
37336,5,1,4
37337,3,2,1
37338,3,1,2
37339,11,5,6
37340,2,0,2
37341,7,3,4
37342,17,8,9
37343,6,1,5
37344,22,8,14
37345,5,5,0
37346,18,4,14
37347,48,28,20
37348,3,0,3
37349,6,1,5
37350,36,18,18
37351,31,16,15
37352,20,6,14
37353,10,7,3
37354,586,269,317
37355,11,6,5
37356,6,5,1
37357,15,8,7
37358,8,3,5
37359,12,8,4
37360,17,8,9
37361,4,2,2
37362,520,224,296
37363,6,1,5
37364,52,30,22
37365,15,6,9
37366,0,0,0
37367,12,8,4
37368,0,0,0
37369,15,9,6
37370,13,6,7
37371,32,18,14
37372,3,2,1
37373,49,19,30
37374,150,58,92
37375,116,42,74
37376,245,101,144
37377,12,5,7
37378,4,1,3
37379,29,9,20
37380,6,3,3
37381,6,4,2
37382,14,7,7
40001,30,18,12
40002,3,1,2
40003,8,5,3
40004,31,18,13
40005,0,0,0
40006,0,0,0
40007,4,3,1
40008,1,1,0
40009,1,1,0
40010,4,3,1
40012,14,6,8
40013,1,1,0
40014,0,0,0
40015,0,0,0
40016,3,2,1
40017,5,2,3
40018,4,2,2
40019,1,0,1
40020,12,7,5
40021,2,2,0
40022,6,4,2
40024,51,28,23
40025,8,3,5
40026,6,3,3
40028,4,3,1
40029,1,0,1
40030,33,19,14
40031,57,26,31
40032,43,22,21
40033,4,1,3
40034,5,1,4
40035,10,5,5
40036,32,17,15
40037,3,1,2
40039,16,10,6
40040,271,139,132
40041,71,36,35
40043,132,75,57
40044,7,5,2
40045,15,10,5
40046,5,3,2
40047,0,0,0
40048,1,1,0
40049,2,0,2
40051,1,1,0
40052,5,4,1
40053,2,2,0
40054,14,9,5
40055,1,1,0
40056,3,3,0
40057,116,62,54
40058,12,7,5
40059,8,5,3
40060,1,0,1
40061,4,4,0
40062,1,0,1
40063,799,410,389
40065,64,38,26
40068,2,1,1
40069,2,1,1
40070,14,9,5
40071,1,1,0
40072,18,8,10
40073,28,12,16
40074,10,4,6
40075,11,6,5
40076,819,440,379
40077,75,35,40
40078,9,3,6
40079,16,7,9
40080,5,4,1
40081,5,2,3
40082,3,2,1
40083,10,4,6
40084,4,3,1
40086,61,35,26
40087,2,1,1
40088,20,10,10
40089,8,3,5
40091,4,3,1
40092,6,5,1
40093,3,2,1
40094,37,20,17
40095,34,14,20
40097,15,12,3
40099,3,1,2
40100,15,10,5
40101,116,49,67
40103,6,2,4
40104,40,17,23
40105,7,4,3
40106,6,4,2
40107,10,2,8
40108,4,2,2
40109,1,0,1
40110,26,16,10
40111,3,1,2
40112,231,110,121
40113,35,22,13
40115,1,0,1
40118,1,1,0
40119,19,9,10
40120,5,3,2
40121,15,8,7
40122,45,22,23
40123,19,13,6
40124,13,8,5
40125,1,1,0
40126,3,2,1
40127,3,1,2
40128,11,6,5
40129,6,3,3
40130,0,0,0
40131,2,0,2
40132,2,2,0
40134,59,31,28
40135,14,10,4
40136,10,6,4
40138,190,107,83
40139,17,10,7
40140,3,3,0
40141,69,27,42
40142,0,0,0
40143,1,1,0
40144,0,0,0
40145,69,39,30
40146,19,12,7
40148,23,14,9
40149,34,20,14
40150,1,0,1
40151,16,9,7
40152,75,37,38
40154,0,0,0
40155,333,148,185
40156,16,10,6
40157,2,2,0
40158,0,0,0
40159,13,9,4
40160,8,6,2
40161,3,1,2
40162,48,30,18
40163,1,1,0
40164,6,3,3
40165,6,6,0
40166,14,6,8
40168,0,0,0
40170,178,108,70
40171,3,3,0
40172,0,0,0
40173,15,7,8
40174,21,12,9
40176,21,11,10
40177,8,5,3
40178,5,3,2
40179,100,48,52
40180,12,4,8
40181,398,181,217
40182,12,9,3
40183,7,4,3
40184,16,7,9
40185,61,35,26
40186,0,0,0
40188,3,1,2
40189,45,29,16
40190,2,1,1
40191,14,8,6
40192,6,5,1
40193,9,3,6
40194,4367,2283,2084
40195,50,26,24
40196,0,0,0
40198,1,1,0
40199,0,0,0
40200,12,6,6
40201,0,0,0
40202,4,4,0
40203,100,52,48
40204,12,4,8
40205,19,11,8
40206,10,5,5
40207,58,26,32
40208,68,36,32
40210,3,2,1
40211,1,0,1
40212,1,1,0
40213,3,0,3
40214,13,6,7
40215,8,5,3
40216,70,29,41
40218,1,1,0
40219,34,23,11
40220,1,1,0
40221,6,2,4
40222,18,10,8
40223,13,9,4
40224,2,2,0
40225,133,75,58
40228,55,40,15
40229,0,0,0
40230,10,4,6
40231,4,2,2
40233,58,31,27
40234,25,18,7
40901,25,14,11
40902,0,0,0
40903,6,3,3
40904,22,10,12
40905,1,1,0
40906,220,93,127
42001,28,13,15
42003,2,0,2
42004,162,60,102
42006,5,4,1
42007,5,3,2
42008,4,1,3
42009,2,2,0
42010,1,0,1
42011,1,1,0
42012,2,2,0
42013,0,0,0
42014,0,0,0
42015,0,0,0
42016,0,0,0
42017,13,9,4
42018,1,0,1
42019,24,16,8
42020,461,220,241
42021,2,2,0
42022,7,6,1
42023,0,0,0
42024,2,2,0
42025,131,74,57
42026,0,0,0
42027,3,3,0
42028,1,0,1
42029,5,1,4
42030,0,0,0
42031,1,1,0
42032,9,3,6
42033,1,0,1
42034,2,1,1
42035,32,18,14
42036,2,0,2
42037,0,0,0
42038,0,0,0
42039,6,3,3
42041,0,0,0
42042,1,1,0
42043,393,188,205
42044,2,2,0
42045,22,11,11
42046,2,0,2
42048,0,0,0
42049,1,1,0
42050,0,0,0
42051,1,1,0
42052,0,0,0
42053,1,1,0
42054,0,0,0
42055,11,9,2
42056,1,1,0
42057,2,2,0
42058,2,2,0
42059,0,0,0
42060,2,2,0
42061,16,11,5
42062,0,0,0
42063,0,0,0
42064,0,0,0
42065,0,0,0
42068,1,0,1
42069,150,66,84
42070,3,2,1
42071,3,2,1
42073,0,0,0
42075,4,2,2
42076,4,1,3
42078,66,34,32
42079,0,0,0
42080,5,3,2
42081,15,6,9
42082,0,0,0
42083,0,0,0
42084,0,0,0
42085,6,3,3
42086,0,0,0
42087,3,1,2
42088,1,1,0
42089,1,1,0
42090,2,1,1
42092,5,3,2
42093,2,0,2
42094,21,13,8
42095,131,58,73
42096,18,12,6
42097,0,0,0
42098,0,0,0
42100,0,0,0
42103,31,13,18
42105,1,0,1
42106,0,0,0
42107,4,3,1
42108,0,0,0
42110,3,3,0
42111,10,4,6
42113,21,10,11
42115,3,1,2
42116,0,0,0
42117,13,7,6
42118,1,1,0
42119,12,10,2
42120,5,3,2
42121,3,1,2
42123,9,7,2
42124,3,3,0
42125,2,0,2
42127,4,2,2
42128,1,0,1
42129,38,20,18
42130,3,2,1
42131,0,0,0
42132,3,3,0
42134,246,111,135
42135,1,0,1
42139,0,0,0
42140,0,0,0
42141,5,4,1
42142,2,1,1
42144,23,16,7
42145,12,5,7
42148,0,0,0
42149,27,12,15
10154,1,0,1
42152,7,4,3
42153,0,0,0
42154,6,4,2
42155,8,6,2
42156,3,1,2
42157,0,0,0
42158,5,2,3
42159,0,0,0
42160,8,6,2
42161,10,7,3
42162,153,77,76
42163,4,1,3
42164,129,57,72
42165,53,32,21
42166,0,0,0
42167,18,6,12
42168,4,3,1
42171,2,2,0
42172,0,0,0
42173,2983,1532,1451
42174,9,5,4
42175,2,1,1
42176,0,0,0
42177,0,0,0
42178,2,2,0
42181,20,14,6
42182,0,0,0
42183,3,2,1
42184,0,0,0
42185,0,0,0
42187,1,1,0
42188,1,0,1
42189,4,2,2
42190,6,4,2
42191,4,2,2
42192,1,1,0
42193,0,0,0
42194,12,9,3
42195,6,4,2
42196,0,0,0
42197,1,1,0
42198,0,0,0
42200,1,0,1
42201,0,0,0
42202,0,0,0
42204,1,1,0
42205,3,3,0
42206,0,0,0
42207,0,0,0
42208,0,0,0
42209,4,2,2
42211,2,1,1
42212,1,1,0
42213,1,0,1
42215,67,33,34
42216,0,0,0
42217,1,1,0
42218,9,5,4
42219,1,0,1
47001,0,0,0
47002,2,1,1
47003,11,9,2
47004,126,75,51
47005,73,36,37
47006,14,8,6
47007,356,158,198
47008,1,1,0
47009,2,2,0
47010,1076,475,601
47011,47,20,27
47012,4,3,1
47013,5,1,4
47014,3,2,1
47015,4,2,2
47016,4,2,2
47017,8,2,6
47018,3,0,3
47019,4,2,2
47020,25,15,10
47021,3,1,2
47022,3,1,2
47023,215,92,123
47024,4,3,1
47025,9,2,7
47026,3,3,0
47027,371,170,201
47028,2,0,2
47029,3,1,2
47030,49,34,15
21018,15,7,8
47032,3,2,1
47033,6,3,3
47034,0,0,0
47035,111,50,61
47036,23,13,10
47037,15,5,10
47038,9,5,4
47039,10,4,6
47040,3,2,1
47041,10,6,4
47042,3,1,2
47043,22,12,10
47044,20,10,10
47045,90,45,45
47046,4,2,2
47047,4,3,1
47048,11,4,7
47049,9,5,4
47050,453,227,226
47051,32,17,15
47052,623,264,359
47053,6,3,3
47054,33,17,16
47055,15,8,7
47056,3,2,1
47057,29,15,14
47058,16,8,8
47059,12,8,4
47060,9,6,3
47061,15,6,9
47062,4,3,1
47063,3,2,1
47064,1,0,1
47065,145,44,101
47066,117,57,60
47067,12,6,6
47068,3,0,3
47069,4,3,1
47070,2,1,1
47071,32,15,17
47073,3,1,2
47074,8,5,3
47075,731,366,365
47076,1998,804,1194
47077,12,7,5
47078,23,4,19
47079,2,1,1
47080,5,2,3
47081,3,0,3
47082,63,33,30
47083,8,3,5
47084,124,66,58
47085,2746,1318,1428
47086,475,230,245
47087,34,23,11
47088,4,2,2
47089,6,5,1
47090,284,157,127
47091,9,7,2
47092,5,1,4
47093,68,33,35
47094,15,6,9
47095,0,0,0
47096,9,7,2
47097,25,12,13
47098,36,14,22
47099,8,5,3
47100,6,3,3
47101,189,108,81
47102,16,8,8
47103,27,14,13
47104,338,155,183
47105,17,11,6
47106,0,0,0
47109,8,5,3
47110,52,24,28
47111,95,48,47
47112,335,141,194
47113,8,5,3
47114,473,249,224
47115,22,10,12
47116,25,13,12
47117,13,6,7
47118,3,3,0
47119,5,4,1
47121,44,23,21
47122,172,95,77
47123,43,19,24
47124,49,28,21
47125,3,2,1
47126,3,1,2
47127,5,4,1
47128,1,0,1
47129,81,39,42
47130,9,7,2
47131,4,2,2
47132,2,1,1
47133,221,106,115
47134,7,3,4
47135,1,1,0
47137,0,0,0
47138,42,23,19
47139,130,74,56
47140,4,2,2
47141,9,4,5
47142,11,9,2
47143,4,0,4
47144,6,3,3
47145,39,24,15
47146,25,13,12
47147,11,4,7
47148,31,10,21
47149,2,1,1
47150,11,8,3
47151,0,0,0
47152,4,2,2
47153,4,0,4
47154,5,3,2
47155,371,156,215
47156,21,14,7
47157,30,13,17
47158,82,38,44
47159,93,38,55
47160,45,25,20
47161,307,153,154
47162,4,3,1
47163,13,7,6
47164,38,25,13
47165,1059,493,566
47166,27,15,12
47167,24,8,16
47168,1,0,1
47169,5,2,3
47170,0,0,0
47171,28,11,17
47172,8,5,3
47173,103,58,45
47174,25,17,8
47175,845,437,408
47176,11,3,8
47177,3,2,1
47178,2,2,0
47179,26,14,12
47180,3,3,0
47181,8,5,3
47182,169,98,71
47183,7,3,4
47184,63,32,31
47185,5,4,1
47186,26790,13011,13779
47187,8,2,6
47188,5,2,3
47189,27,11,16
47190,3,0,3
47191,6,3,3
47192,5,3,2
47193,160,86,74
47194,20,12,8
47195,37,20,17
47196,1,1,0
47197,78,45,33
47198,3,0,3
47199,6,3,3
47200,2,1,1
47203,5,2,3
47204,19,14,5
47205,28,14,14
47206,1,1,0
47207,14,9,5
47208,2,0,2
47209,1,1,0
47210,22,12,10
47211,3,0,3
47212,19,10,9
47213,1,0,1
47214,158,81,77
47215,5,3,2
47216,7,4,3
47217,169,86,83
47218,115,64,51
47219,1,0,1
47220,7,5,2
13093,8,6,2
47222,6,1,5
47223,20,10,10
47224,6,4,2
47225,5,3,2
47226,16,7,9
47227,3,1,2
47228,54,18,36
47229,5,3,2
47230,18,9,9
47231,432,200,232
06162,9,2,7
49002,5,4,1
49003,93,55,38
49004,4,3,1
49005,4,1,3
49006,15,7,8
49007,25,22,3
49008,28,20,8
49009,39,25,14
49010,38,17,21
49011,20,15,5
49012,6,4,2
49013,17,10,7
49014,7,7,0
49015,24,10,14
49016,34,19,15
49017,15,11,4
49018,14,11,3
49019,31,11,20
49020,15,6,9
49021,2311,1010,1301
49022,22,10,12
49023,50,25,25
49024,61,28,33
49025,8,3,5
49026,19,16,3
49027,11,8,3
49028,14,9,5
49029,64,31,33
49030,4,2,2
49031,16,11,5
49032,33,13,20
49033,82,49,33
49034,30,19,11
49035,12,8,4
49036,23,13,10
49037,20,14,6
49038,6,3,3
49039,31,23,8
49040,6,2,4
49041,43,19,24
49042,16,8,8
49043,17,8,9
49044,3,2,1
49046,14,6,8
49047,13,8,5
49048,2,1,1
49050,40,27,13
49052,4,2,2
49053,98,46,52
49054,94,46,48
49055,4,4,0
49056,39,22,17
49057,10,5,5
49058,32,23,9
49059,9,7,2
49061,15,9,6
49062,18,13,5
49063,20,14,6
49064,23,16,7
49065,136,84,52
49066,30,21,9
49067,18,10,8
49068,41,27,14
49069,19,15,4
44102,73,43,30
49075,9,6,3
49076,18,9,9
49077,13,10,3
49078,12,8,4
49079,5,4,1
49080,49,23,26
49081,175,86,89
49082,31,13,18
49083,2,1,1
49084,22,9,13
49085,117,75,42
49086,11,8,3
49087,60,42,18
49088,3,1,2
49090,8,6,2
49091,23,15,8
49092,9,5,4
49093,20,12,8
49094,22,17,5
49095,28,17,11
49096,19,10,9
49097,0,0,0
49098,10,7,3
49099,6,4,2
49100,25,13,12
49101,14,10,4
49102,13,2,11
49103,51,29,22
49104,24,18,6
49105,9,4,5
49107,4,3,1
49108,38,18,20
49109,73,44,29
49110,22,15,7
49111,7,4,3
49112,13,8,5
49113,9,5,4
49114,5,2,3
49115,21,11,10
49116,37,25,12
49117,43,23,20
49118,18,6,12
49119,18,11,7
49120,5,4,1
49121,35,19,16
49122,79,39,40
49123,47,20,27
49124,27,18,9
49125,189,98,91
49126,18,6,12
49127,234,114,120
49128,91,33,58
49129,89,33,56
49130,10,7,3
49131,18,7,11
49132,22,13,9
49133,17,13,4
49134,10,5,5
49135,46,28,18
49136,13,6,7
49137,11,7,4
49138,15,9,6
49139,7,4,3
49141,26,11,15
49142,18,9,9
49143,20,12,8
49145,24,17,7
49146,17,8,9
49147,26,17,9
49148,13,9,4
49149,32,12,20
49150,5,3,2
49151,68,33,35
49152,39,24,15
49153,10,5,5
49154,9,8,1
49155,9,2,7
49156,10,8,2
49157,21,14,7
49158,23,12,11
49159,34,18,16
49160,4,2,2
49162,11,9,2
49163,14,10,4
49164,12,7,5
49165,1,1,0
49166,124,58,66
49167,15,8,7
49168,5,3,2
49169,2,2,0
49170,15,9,6
49171,75,42,33
49172,37,21,16
49173,18,15,3
49174,25,19,6
49175,18,11,7
49176,58,35,23
49177,23,11,12
49178,85,38,47
49179,29,14,15
49180,2,2,0
49181,23,17,6
49183,3,2,1
49184,10,5,5
49185,9,3,6
49186,12,4,8
49187,106,47,59
49188,6,4,2
49189,13,9,4
49190,4,1,3
49191,17,8,9
49192,9,6,3
49193,73,39,34
49194,30,21,9
49197,12,6,6
49199,16,9,7
49200,127,60,67
49201,20,14,6
49202,18,14,4
49203,27,10,17
49204,8,4,4
49205,23,10,13
49206,68,39,29
49207,15,8,7
49208,38,32,6
49209,52,38,14
49210,64,43,21
49214,80,41,39
49216,8,3,5
49219,886,429,457
49220,10,6,4
49221,23,16,7
49222,35,19,16
49223,57,42,15
49224,18,10,8
49225,16,11,5
49226,14,7,7
49227,34,17,17
49228,2,2,0
49229,17,7,10
49230,2,1,1
49231,27,14,13
49232,10,4,6
49233,7,4,3
49234,44,18,26
49235,34,24,10
49236,5,1,4
49237,10,10,0
49238,21,8,13
49239,40,15,25
49240,21,16,5
39099,23,12,11
49242,21,16,5
49243,4,1,3
49244,2,2,0
49245,25,14,11
49246,10,6,4
49247,52,36,16
49248,8,3,5
49249,2,1,1
49250,82,35,47
49251,16,10,6
49252,23,10,13
49255,22,14,8
49256,23,10,13
49257,39,21,18
49258,8,3,5
49259,8,6,2
49260,56,23,33
49261,195,111,84
49262,19,9,10
49263,2,2,0
49264,39,23,16
49265,9,3,6
49266,1,1,0
49267,7,6,1
49268,21,11,10
49269,13,9,4
49270,9,6,3
49271,13,5,8
49272,4,3,1
49273,13,9,4
49275,6352,3038,3314
02001,60,28,32
02002,66,30,36
02003,17878,8485,9393
02004,81,28,53
02005,96,52,44
02006,124,50,74
02007,129,80,49
02008,187,92,95
02009,3301,1434,1867
02010,274,113,161
02011,55,28,27
02012,311,115,196
02013,12,7,5
02014,37,11,26
02015,346,132,214
02016,115,50,65
02017,153,66,87
02018,119,60,59
02019,343,130,213
02020,52,23,29
02021,169,81,88
02022,26,10,16
02023,59,33,26
02024,512,261,251
02025,1514,705,809
02026,150,70,80
02027,15,6,9
02028,19,12,7
02029,352,160,192
02030,644,285,359
02031,128,62,66
02032,28,20,8
02033,315,145,170
02034,225,116,109
02035,288,146,142
02036,14,5,9
02037,4609,2034,2575
02038,35,10,25
02039,106,43,63
02040,77,40,37
02041,41,24,17
02042,182,86,96
02043,182,80,102
02044,295,125,170
02045,558,258,300
02046,179,76,103
02047,1,1,0
02048,167,75,92
02049,108,49,59
02050,2,0,2
02051,214,76,138
02052,73,32,41
02053,534,214,320
02054,56,23,33
02055,170,68,102
02056,269,139,130
02057,442,197,245
02058,57,22,35
02059,39,13,26
02060,128,62,66
02061,51,30,21
02062,79,32,47
02063,224,81,143
02064,52,21,31
02065,53,24,29
02066,43,23,20
02067,134,61,73
02068,42,18,24
02069,1768,773,995
02070,29,19,10
02071,142,65,77
02072,356,149,207
02073,916,401,515
02074,969,453,516
02075,212,104,108
02076,52,17,35
02077,6,4,2
02078,96,56,40
02079,400,172,228
02080,58,34,24
02081,3255,1590,1665
02082,14,10,4
02083,25,9,16
02084,67,32,35
02085,33,9,24
02086,431,225,206
02901,366,185,181
13001,199,84,115
13002,182,98,84
13003,69,38,31
13004,158,67,91
13005,3347,1674,1673
13006,87,40,47
13007,245,143,102
13008,41,9,32
13009,181,92,89
13010,178,68,110
13011,750,381,369
13012,59,28,31
13013,954,429,525
13014,48,21,27
13015,611,285,326
13016,66,23,43
13017,22,13,9
13018,210,100,110
13019,960,422,538
13020,589,292,297
13021,60,26,34
13022,65,33,32
13023,1259,481,778
13024,125,67,58
13025,37,10,27
13026,45,19,26
13027,573,288,285
13028,1649,858,791
13029,6,5,1
13030,19,9,10
13031,384,178,206
13032,195,89,106
13033,175,57,118
13034,7068,3272,3796
13035,146,69,77
13036,100,50,50
13037,102,41,61
13038,194,111,83
13039,2762,1334,1428
13040,150,85,65
13041,40,21,19
13042,167,85,82
13043,16,4,12
13044,613,247,366
13045,103,40,63
13046,113,52,61
13047,1210,622,588
13048,80,41,39
13049,129,52,77
13050,85,42,43
13051,63,30,33
13052,1148,550,598
13053,1827,841,986
13054,470,232,238
13055,107,53,54
13056,1674,807,867
13057,149,74,75
13058,567,241,326
13059,24,12,12
13060,17,8,9
13061,1082,575,507
13062,82,35,47
13063,610,330,280
13064,236,102,134
13065,550,276,274
13066,419,172,247
13067,67,24,43
13068,153,75,78
13069,88,38,50
13070,113,47,66
13071,6000,2664,3336
13072,101,53,48
13073,85,36,49
13074,124,53,71
13075,17,10,7
13076,79,18,61
13077,448,219,229
13078,1371,715,656
13079,2085,865,1220
13080,44,21,23
13081,128,49,79
13082,4658,2287,2371
13083,305,148,157
13084,78,33,45
13085,303,118,185
13086,21,15,6
13087,2895,1243,1652
13088,96,35,61
13089,169,90,79
13090,164,46,118
13091,53,23,30
13092,317,124,193
13093,433,183,250
13094,29,8,21
13095,7,5,2
13096,1579,771,808
13097,398,165,233
13098,174,71,103
13901,141,81,60
13902,102,46,56
13903,67,32,35
13904,105,44,61
16001,1,1,0
16002,22,12,10
16003,26,17,9
16004,14,9,5
16005,23,13,10
16006,7,2,5
16007,103,52,51
16008,1,0,1
16009,8,5,3
16010,10,5,5
16011,1,1,0
16012,6,4,2
16013,2,2,0
16014,49,25,24
16015,46,23,23
16016,11,8,3
16017,37,15,22
16018,40,14,26
16019,4,2,2
16020,2,1,1
16022,7,4,3
16023,66,37,29
16024,7,3,4
16025,3,2,1
16026,7,2,5
16027,104,56,48
16029,9,6,3
16030,0,0,0
16031,1,1,0
16032,34,11,23
16033,229,92,137
16034,7,3,4
16035,11,6,5
16036,14,8,6
16038,0,0,0
16039,48,27,21
16040,7,5,2
16041,36,18,18
16042,159,74,85
16043,6,2,4
16044,1,1,0
16045,28,8,20
16046,18,10,8
16047,4,2,2
16048,49,23,26
16049,3,1,2
16050,31,15,16
16051,10,7,3
16052,63,34,29
16053,37,11,26
16055,55,29,26
16056,49,28,21
16057,1,1,0
16058,3,2,1
16060,52,26,26
16061,89,44,45
16062,1,0,1
16063,4,4,0
16064,57,20,37
16065,25,13,12
16066,225,121,104
16067,13,7,6
16068,12,10,2
16070,0,0,0
16071,2,1,1
16072,19,10,9
16073,30,14,16
16074,3,0,3
16078,4882,2608,2274
16079,0,0,0
16081,6,6,0
16082,34,21,13
16083,1,1,0
16084,2,2,0
16085,12,7,5
16086,109,48,61
16087,13,7,6
16088,5,2,3
16089,39,24,15
16091,6,5,1
16092,23,11,12
16093,7,1,6
16094,9,3,6
16095,3,2,1
16096,30,17,13
16097,10,4,6
16098,51,21,30
16099,15,7,8
16100,68,21,47
16101,19,11,8
16102,128,68,60
16103,13,3,10
16104,3,1,2
16106,532,291,241
16107,4,3,1
16108,6,4,2
16109,4,3,1
16110,2,0,2
16111,18,9,9
16112,190,92,98
16113,305,138,167
16115,2,0,2
16116,2,1,1
16117,91,40,51
16118,203,99,104
16119,19,7,12
16121,27,11,16
16122,16,8,8
16123,4,4,0
16124,323,128,195
16125,263,118,145
16126,124,48,76
16128,4,3,1
16129,4,2,2
16130,79,40,39
16131,7,4,3
16132,2,2,0
16133,626,313,313
16134,649,323,326
16135,5,3,2
16137,7,3,4
16139,24,14,10
16140,0,0,0
16141,11,4,7
16142,11,6,5
16143,0,0,0
16145,52,22,30
16146,4,2,2
16147,9,5,4
16148,55,26,29
16149,9,3,6
16150,10,3,7
16151,2,2,0
16152,3,2,1
16153,117,57,60
16154,559,272,287
16155,37,28,9
16156,7,3,4
16157,25,11,14
16158,70,36,34
16159,13,7,6
16160,1,1,0
16161,1,1,0
16162,1,0,1
16163,3,2,1
16165,1,1,0
16166,22,11,11
16167,27,16,11
16169,1,0,1
16170,100,53,47
16171,201,106,95
16172,6,3,3
16173,16,10,6
16174,22,13,9
16175,1140,573,567
16176,3,2,1
16177,8,4,4
16181,3,1,2
16185,3,2,1
16186,67,36,31
16187,4,1,3
16188,4,2,2
16189,20,8,12
16190,551,290,261
16191,83,42,41
16192,5,2,3
16193,4,2,2
16194,34,17,17
16195,22,8,14
16196,66,25,41
16197,2,1,1
16198,162,70,92
16199,0,0,0
16202,81,30,51
16203,1789,851,938
16204,18,12,6
16205,4,3,1
16206,11,8,3
16209,4,2,2
16211,14,8,6
16212,21,8,13
16213,5,4,1
16215,24,12,12
16216,21,15,6
16217,5,2,3
16218,17,11,6
16219,4,1,3
16224,4,2,2
16225,5,2,3
16227,6,2,4
16228,18,11,7
16231,5,5,0
16234,2,1,1
16236,111,56,55
16237,12,6,6
16238,69,39,30
16239,9,6,3
16240,8,8,0
16242,27,14,13
16243,26,9,17
16244,107,36,71
16245,32,16,16
16246,36,24,12
16247,5,3,2
16248,103,43,60
16249,331,194,137
16250,4,3,1
16251,199,85,114
16253,40,23,17
16254,31,11,20
16255,14,7,7
16258,20,16,4
16259,0,0,0
16263,97,60,37
16264,39,21,18
16265,0,0,0
16266,15,8,7
16269,35,19,16
16270,19,10,9
16271,79,42,37
16272,6,6,0
16273,13,8,5
16274,7,3,4
16275,0,0,0
16276,2,1,1
16277,5,2,3
16278,1,0,1
16279,27,14,13
16280,16,10,6
16901,41,16,25
16902,2,1,1
16903,184,54,130
16904,26,15,11
16905,115,45,70
16906,0,0,0
16908,18,10,8
16909,42,21,21
16910,4,2,2
19001,1,1,0
19002,2,2,0
19003,1,0,1
19004,1,1,0
19005,15,8,7
19006,107,61,46
19007,39,27,12
19008,3,3,0
19009,14,7,7
19010,1,1,0
19011,19,8,11
19013,10,6,4
19015,4,2,2
19016,1,0,1
19017,6,5,1
19018,9,7,2
19019,0,0,0
19020,1,1,0
19021,142,64,78
19022,49,22,27
19023,7,2,5
19024,1050,448,602
19027,12,9,3
19031,0,0,0
19032,9,7,2
19033,4,4,0
19034,0,0,0
19036,40,25,15
19037,16,9,7
19038,1,1,0
19039,2,1,1
19040,1,1,0
19041,38,16,22
19042,1,1,0
19043,0,0,0
19044,21,11,10
19045,2,1,1
19046,3597,1725,1872
19047,9,4,5
19048,1,0,1
19049,0,0,0
19050,2,0,2
19051,0,0,0
19052,0,0,0
19053,204,109,95
19054,14,9,5
19055,4,1,3
19057,2,0,2
19058,701,321,380
19059,2,1,1
19060,16,9,7
19061,0,0,0
19064,1,1,0
19065,5,3,2
19066,1,1,0
19067,2,2,0
19070,10,8,2
19071,901,431,470
19073,1,0,1
19074,8,5,3
19075,2,2,0
19076,0,0,0
19078,4,4,0
19079,0,0,0
19080,0,0,0
19081,2,2,0
19082,10,6,4
19086,144,64,80
19087,2,2,0
19088,10,5,5
19089,0,0,0
19090,4,3,1
19091,1,0,1
19092,43,28,15
19095,1,1,0
19096,2,0,2
19097,1,0,1
19098,5,4,1
19099,15,4,11
19102,21,14,7
19103,17,10,7
19104,1,1,0
19105,268,127,141
19106,8,3,5
19107,31,18,13
19108,13,9,4
19109,1,0,1
19110,3,1,2
19111,23,19,4
19112,7,3,4
19113,67,38,29
19114,0,0,0
19115,0,0,0
19116,0,0,0
19117,224,123,101
19118,1,0,1
19119,15,7,8
19120,7,2,5
19121,19,10,9
19122,5,3,2
19123,3,1,2
19124,68,35,33
19125,2,1,1
19126,280,132,148
19127,0,0,0
19129,2,2,0
19130,7296,3661,3635
19132,0,0,0
19133,31,16,15
19134,0,0,0
19135,4,1,3
19136,2,1,1
19138,32,22,10
19139,2,0,2
19142,39,21,18
19143,237,116,121
19145,2,0,2
19146,1,0,1
19147,4,3,1
19148,1,0,1
19150,12,5,7
19151,171,101,70
19152,92,57,35
19153,0,0,0
19154,1,1,0
19155,3,3,0
19156,123,61,62
19157,0,0,0
19159,0,0,0
19160,174,94,80
19161,18,11,7
19162,5,3,2
19163,2,2,0
19165,6,4,2
19166,13,10,3
19167,10,5,5
19168,25,15,10
19169,0,0,0
19170,13,7,6
19171,619,294,325
19172,4,3,1
19173,4,3,1
19174,18,11,7
19175,3,2,1
19176,20,15,5
19177,2,2,0
19178,5,2,3
19179,4,1,3
19181,3,3,0
19182,1,0,1
19183,1,1,0
19184,6,5,1
19185,0,0,0
19186,4,2,2
19187,2,2,0
19188,0,0,0
19189,13,7,6
19190,291,124,167
19191,1,1,0
19192,212,124,88
19193,3,2,1
19194,8,6,2
19195,2,1,1
19196,5,2,3
19197,0,0,0
19198,1,1,0
19199,2,2,0
19200,1,1,0
19201,1,1,0
19202,0,0,0
19203,2,2,0
19204,23,14,9
19208,0,0,0
19209,1,0,1
19210,0,0,0
19211,38,21,17
19212,90,49,41
19213,2,2,0
19214,3,1,2
19215,8,6,2
19216,8,1,7
19217,1,1,0
19218,2,2,0
19219,2,1,1
19220,379,165,214
19221,1,0,1
19222,5,2,3
19223,20,9,11
19224,2,2,0
19225,121,53,68
19226,1,1,0
19227,4,3,1
19228,3,1,2
19229,0,0,0
19230,62,26,36
19231,0,0,0
19232,1,1,0
19233,16,10,6
19234,1,1,0
19235,2,2,0
19237,5,1,4
19238,1,1,0
19239,4,2,2
19240,2,2,0
19241,1,1,0
19242,6,3,3
19243,0,0,0
19244,4,2,2
19245,145,76,69
19246,0,0,0
19247,15,5,10
19248,6,4,2
19249,1,0,1
19250,1,0,1
19251,6,5,1
19252,3,2,1
19254,4,2,2
19255,4,4,0
19256,2,1,1
19257,341,197,144
19258,3,2,1
19259,1,0,1
19260,3,3,0
19261,2,0,2
19262,9,8,1
19263,3,0,3
19264,2,1,1
19265,0,0,0
19266,26,9,17
19267,0,0,0
19268,3,1,2
19269,3,3,0
19270,0,0,0
19271,1,1,0
19272,5,5,0
19274,167,92,75
19277,1,1,0
19278,0,0,0
19279,16,9,7
19280,540,240,300
19281,0,0,0
19282,7,6,1
19283,1,1,0
19284,0,0,0
19285,0,0,0
19286,107,58,49
19287,8,5,3
19288,0,0,0
19289,1,1,0
19290,164,82,82
19291,59,37,22
19293,227,125,102
19294,3,1,2
19296,2,2,0
19297,3,1,2
19298,3,2,1
19299,4,4,0
19300,101,51,50
19301,3,1,2
19302,4,2,2
19303,3,2,1
19304,28,19,9
19305,6,4,2
19306,0,0,0
19307,2,1,1
19308,0,0,0
19309,1,0,1
19310,1,1,0
19311,2,2,0
19314,1,1,0
19317,10,9,1
19318,2,2,0
19319,603,221,382
19321,4,3,1
19322,1,1,0
19323,2,1,1
19324,11,7,4
19325,4,2,2
19326,211,88,123
19327,33,16,17
19329,1,1,0
19330,0,0,0
19331,427,234,193
19332,3,3,0
19333,3,3,0
19334,3,1,2
19335,1,1,0
19901,1,1,0
45001,315,163,152
45002,429,221,208
45003,86,42,44
45004,102,51,51
45005,37,16,21
45006,310,148,162
45007,181,85,96
45008,17,10,7
45009,53,23,30
45010,31,20,11
45011,31,21,10
45012,71,36,35
45013,296,183,113
45014,782,465,317
45015,70,29,41
45016,509,240,269
45017,59,26,33
45018,98,43,55
45019,1075,587,488
45020,134,59,75
45021,359,208,151
45022,48,25,23
45023,289,134,155
45024,173,90,83
45025,261,133,128
45026,18,9,9
45027,24,15,9
45028,743,322,421
45029,13,5,8
45030,72,37,35
45031,412,206,206
45032,73,34,39
45033,49,32,17
45034,195,106,89
45035,61,35,26
45036,75,37,38
45037,206,105,101
45038,501,207,294
45039,23,9,14
45040,252,138,114
45041,533,296,237
45042,11,8,3
45043,81,40,41
45045,279,146,133
45046,572,260,312
45047,467,228,239
45048,54,22,32
45049,55,27,28
45050,88,48,40
45051,284,145,139
45052,255,114,141
45053,1303,595,708
45054,558,304,254
45055,150,81,69
45056,544,290,254
45057,40,12,28
45058,35,15,20
45059,239,126,113
45060,22,11,11
45061,391,202,189
45062,182,111,71
45063,47,24,23
45064,571,256,315
45065,17,11,6
45066,1272,655,617
45067,305,144,161
45068,21,13,8
45069,292,146,146
45070,160,83,77
45071,397,190,207
45072,113,51,62
45073,26,12,14
45074,58,33,25
45075,14,6,8
45076,114,53,61
45077,88,38,50
45078,266,137,129
45079,51,29,22
45080,0,0,0
45081,2599,1198,1401
45082,165,91,74
45083,28,9,19
45084,428,222,206
45085,274,143,131
45086,90,40,50
45087,1159,646,513
45088,466,249,217
45089,305,150,155
45090,48,25,23
45091,72,42,30
45092,13,5,8
45093,17,10,7
45094,51,30,21
45095,85,39,46
45096,144,73,71
45097,201,97,104
45098,310,151,159
45099,514,241,273
45100,28,11,17
45101,735,436,299
45102,625,350,275
45103,24,14,10
45104,86,40,46
45105,47,21,26
45106,1103,433,670
45107,410,200,210
45108,44,26,18
45109,474,214,260
45110,356,162,194
45111,5,3,2
45112,234,90,144
45113,217,90,127
45114,60,34,26
45115,341,187,154
45116,133,73,60
45117,137,63,74
45118,338,158,180
45119,682,330,352
45120,10,6,4
45121,1381,715,666
45122,604,286,318
45123,351,164,187
45124,254,108,146
45125,296,153,143
45126,45,19,26
45127,115,69,46
45128,450,232,218
45129,7,3,4
45130,30,15,15
45131,36,17,19
45132,225,96,129
45133,403,188,215
45134,250,140,110
45135,750,437,313
45136,1029,501,528
45137,288,96,192
45138,219,100,119
45139,18,11,7
45140,164,77,87
45141,141,67,74
45142,1301,707,594
45143,202,115,87
45144,101,62,39
45145,422,247,175
45146,7,6,1
45147,84,37,47
45148,21,13,8
45149,57,24,33
45150,77,29,48
45151,79,38,41
45152,78,43,35
45153,272,108,164
45154,215,109,106
45155,35,17,18
45156,354,174,180
45157,279,147,132
45158,460,233,227
45159,11,8,3
45160,204,86,118
45161,1996,919,1077
45162,53,33,20
45163,1310,625,685
45164,16,9,7
45165,13325,5962,7363
45166,195,98,97
45167,209,100,109
45168,6056,2944,3112
45169,34,16,18
45170,26,15,11
45171,141,70,71
45172,76,50,26
45173,1388,659,729
45174,29,13,16
45175,73,42,31
45176,583,265,318
45177,349,168,181
45179,44,25,19
45180,373,169,204
45181,504,247,257
45182,142,77,65
45183,342,157,185
45184,32,20,12
45185,1569,836,733
45186,507,216,291
45187,756,411,345
45188,494,252,242
45189,107,52,55
45190,67,26,41
45191,88,39,49
45192,274,140,134
45193,61,32,29
45194,3,1,2
45195,236,127,109
45196,233,125,108
45197,336,180,156
45198,305,180,125
45199,500,247,253
45200,533,248,285
45201,745,372,373
45202,670,388,282
45203,476,245,231
45204,84,37,47
45205,1377,679,698
45901,136,68,68
08001,937,429,508
08002,7,4,3
08003,467,219,248
08004,12,6,6
08005,468,196,272
08006,1149,556,593
08007,648,314,334
08008,10,8,2
08009,852,397,455
08010,487,233,254
08011,130,60,70
08012,167,81,86
08013,109,60,49
08014,191,99,92
08015,22447,12365,10082
08016,183,96,87
08017,390,193,197
08018,278,128,150
08019,108624,56042,52582
08020,354,165,189
08021,2,1,1
08022,1487,796,691
08023,667,318,349
08024,30,16,14
08025,127,62,65
08026,5,3,2
08027,49,27,22
08028,153,71,82
08029,213,100,113
08030,355,167,188
08031,271,163,108
08032,160,81,79
08033,1340,670,670
08034,54,31,23
08035,1939,1056,883
08036,7,2,5
08037,167,89,78
08038,145,75,70
08039,34,9,25
08040,1221,622,599
08041,1888,1115,773
08042,218,105,113
08043,427,216,211
08044,426,194,232
08045,3,1,2
08046,1308,581,727
08047,339,157,182
08048,72,36,36
08049,96,51,45
08050,6,2,4
08051,1947,943,1004
08052,11,5,6
08053,313,164,149
08054,880,428,452
08055,30,16,14
08056,4358,2204,2154
08057,5,2,3
08058,176,93,83
08059,16,7,9
08060,11,6,5
08061,179,84,95
08062,76,30,46
08063,22,10,12
08064,133,63,70
08065,101,49,52
08066,118,57,61
08067,625,307,318
08068,627,310,317
08069,234,116,118
08070,17,11,6
08071,21,9,12
08072,950,478,472
08073,7835,4624,3211
08074,1335,634,701
08075,430,200,230
08076,2053,1010,1043
08077,3432,1770,1662
08078,13,7,6
08079,21,8,13
08080,1,1,0
08081,23,18,5
08082,163,86,77
08083,100,36,64
08084,111,54,57
08085,108,56,52
08086,1730,830,900
08087,8,5,3
08088,1082,511,571
08089,3681,1903,1778
08090,15,5,10
08091,543,278,265
08092,393,214,179
08093,1,0,1
08094,135,66,69
08095,4,4,0
08096,5634,2937,2697
08097,86,43,43
08098,259,109,150
08099,83,44,39
08100,95,31,64
08101,22643,12290,10353
08102,3514,1726,1788
08103,52,25,27
08104,47,24,23
08105,1407,688,719
08106,820,403,417
08107,1097,514,583
08108,463,209,254
08109,12,6,6
08110,1870,1015,855
08111,4,3,1
08112,2276,1154,1122
08113,6908,3797,3111
08114,2785,1531,1254
08115,466,235,231
08116,56,24,32
08117,240,83,157
08118,1528,770,758
08119,692,334,358
08120,278,132,146
08121,13739,7255,6484
08122,170,98,72
08123,1751,834,917
08124,5674,2982,2692
08125,3126,1670,1456
08126,785,381,404
08127,271,149,122
08128,62,33,29
08129,37,20,17
08130,3,1,2
08131,94,36,58
08132,20,7,13
08133,7,6,1
08134,94,47,47
08135,780,368,412
08136,1741,889,852
08137,16,12,4
08138,358,180,178
08139,18,12,6
08140,514,230,284
08141,537,260,277
08142,12,5,7
08143,319,142,177
08144,75,34,41
08145,236,120,116
08146,110,63,47
08147,2239,1071,1168
08148,291,141,150
08149,89,34,55
08150,10,6,4
08151,38,17,21
08152,4,2,2
08153,41,26,15
08154,58,26,32
08155,872,431,441
08156,1100,493,607
08157,770,361,409
08158,304,162,142
08159,1567,741,826
08160,26,12,14
08161,1443,694,749
08162,235,109,126
08163,3094,1674,1420
08164,88,45,43
08165,173,80,93
08166,92,52,40
08167,760,345,415
08168,60,34,26
08169,5502,2825,2677
08170,19,12,7
08171,204,98,106
08172,2546,1333,1213
08174,36,17,19
08175,303,155,148
08176,4,2,2
08177,4,2,2
08178,20,8,12
08179,65,34,31
08180,3821,1982,1839
08181,745,329,416
08182,383,213,170
08183,492,229,263
08184,7689,3885,3804
08185,7,2,5
08187,19620,10249,9371
08188,5,5,0
08189,6,3,3
08190,13,8,5
08191,490,234,256
08192,499,220,279
08193,102,47,55
08194,3595,1869,1726
08195,3,1,2
08196,2396,1158,1238
08197,592,242,350
08198,444,219,225
08199,98,43,55
08200,7962,4058,3904
08201,22,9,13
08202,1458,777,681
08203,292,149,143
08204,252,123,129
08205,4114,2020,2094
08206,62,37,25
08207,139,68,71
08208,425,183,242
08209,598,290,308
08210,443,239,204
08211,3436,1765,1671
08212,22,12,10
08213,703,313,390
08214,544,243,301
08215,275,125,150
08216,1,1,0
08217,2271,1160,1111
08218,940,478,462
08219,1167,600,567
08220,135,54,81
08221,797,392,405
08222,164,71,93
08223,174,97,77
08224,94,52,42
08225,6,2,4
08226,53,24,29
08227,196,80,116
08228,19,6,13
08229,26,11,15
08230,720,331,389
08231,3069,1574,1495
08232,154,80,74
08233,179,91,88
08234,338,164,174
08235,287,133,154
08236,217,104,113
08237,148,66,82
08238,1101,487,614
08239,30,8,22
08240,782,388,394
08241,1,0,1
08242,27,12,15
08243,9,2,7
08244,480,200,280
08245,12914,7472,5442
08246,166,84,82
08247,76,36,40
08248,548,273,275
08249,26,12,14
08250,1303,648,655
08251,708,375,333
08252,2964,1510,1454
08253,13,5,8
08254,119,53,66
08255,5,2,3
08256,59,26,33
08257,9,7,2
08258,50,26,24
08259,738,415,323
08260,2297,1074,1223
08261,259,128,131
08262,955,483,472
08263,2716,1387,1329
08264,271,119,152
08265,113,56,57
08266,4769,2428,2341
08267,713,326,387
08268,91,51,40
08269,241,116,125
08270,1695,832,863
08271,1,1,0
08272,6,4,2
08273,150,74,76
08274,500,232,268
08275,8,6,2
08276,19,8,11
08277,8,4,4
08278,435,216,219
08279,21421,11406,10015
08280,7,5,2
08281,269,123,146
08282,402,199,203
08283,605,295,310
08284,1719,911,808
08285,1289,591,698
08286,373,163,210
08287,63,31,32
08288,278,144,134
08289,363,182,181
08290,91,41,50
08291,497,240,257
08292,100,54,46
08293,14,6,8
08294,186,98,88
08295,1180,580,600
08296,117,58,59
08297,8,3,5
08298,4028,2152,1876
08299,50,28,22
08300,552,251,301
08301,5933,2935,2998
08302,1544,726,818
08303,11,3,8
08304,54,26,28
08305,3675,2004,1671
08306,75,39,36
08307,6450,3281,3169
08308,9,4,5
08901,10,5,5
08902,315,129,186
08903,6,5,1
08904,1665,916,749
08905,218,99,119
17001,44,26,18
17002,30,15,15
17003,9,4,5
17004,51,28,23
17005,38,19,19
17006,55,31,24
17007,126,71,55
17008,439,266,173
17009,505,304,201
17010,29,11,18
17011,44,26,18
17012,83,37,46
17013,269,153,116
17014,8,3,5
17015,1230,732,498
17016,43,21,22
17018,51,23,28
17019,133,61,72
17020,218,119,99
17021,6,4,2
17022,1101,636,465
17023,4057,2158,1899
17024,9,5,4
17025,99,42,57
17026,26,13,13
17027,290,149,141
17028,15,9,6
17029,19,5,14
12033,67,46,21
17031,16,7,9
17032,131,72,59
17033,544,282,262
17034,894,500,394
17035,28,13,15
17036,183,73,110
17037,5,4,1
17038,24,13,11
17039,134,69,65
17040,19,11,8
17041,17,8,9
17042,26,13,13
17043,5,4,1
17044,670,370,300
17046,49,26,23
17047,932,498,434
17048,766,412,354
17049,272,146,126
17050,46,22,24
17051,17,10,7
17052,4,4,0
17054,39,24,15
17055,4,1,3
17056,99,39,60
17057,88,50,38
17058,10,4,6
17060,26,15,11
17061,9,4,5
17062,766,421,345
17063,5,1,4
17064,11,7,4
17065,27,17,10
17066,4505,2591,1914
17067,71,39,32
17068,8,4,4
17069,11,5,6
17070,7,5,2
17071,48,26,22
17073,96,41,55
17074,34,20,14
17075,17,10,7
17076,10,2,8
17077,53,26,27
17078,8,7,1
17079,7380,3945,3435
17080,10,5,5
17081,29,17,12
17082,26,10,16
17083,349,183,166
17084,12,8,4
17085,15,8,7
17086,264,159,105
17087,13,6,7
17088,37,14,23
17089,728,428,300
17090,30,19,11
17091,15,10,5
17092,368,196,172
17093,58,31,27
17094,63,40,23
17095,3075,1644,1431
17096,9,6,3
17097,14,4,10
17098,20,11,9
17099,2,0,2
17100,15,11,4
17101,71,33,38
17102,30,15,15
17103,713,390,323
17105,13,5,8
17106,8,4,4
17107,15,8,7
17109,46,28,18
17110,134,77,57
17111,57,27,30
17112,11,6,5
17114,2278,1253,1025
17115,20,8,12
17116,43,26,17
17117,2373,1372,1001
17118,1681,895,786
17119,2,1,1
17120,76,37,39
17121,11,6,5
17123,16,5,11
17124,128,73,55
17125,1,1,0
17126,22,12,10
17128,34,16,18
17129,13,7,6
17130,17,7,10
17132,66,25,41
17133,85,38,47
17134,15,8,7
17135,36,13,23
17136,17,7,10
17137,207,111,96
17138,58,29,29
17139,80,38,42
17140,53,33,20
17141,595,367,228
17142,182,93,89
17143,8,5,3
17144,19,12,7
17145,88,49,39
17146,382,183,199
17147,853,431,422
17148,151,83,68
17149,22,6,16
17150,101,52,49
17151,11,3,8
17152,1590,893,697
17153,13,9,4
17154,10,6,4
17155,3679,2263,1416
17157,4,3,1
17158,32,18,14
17159,57,30,27
17160,2166,1227,939
17161,72,39,33
17162,9,8,1
17163,117,61,56
17164,356,183,173
17165,39,23,16
17166,41,27,14
17167,202,100,102
17168,36,20,16
17169,193,106,87
17170,7,4,3
17171,12,5,7
17172,13,9,4
17173,18,9,9
17174,7,4,3
17175,101,53,48
17176,15,12,3
17177,36,19,17
17178,203,117,86
17180,902,489,413
17181,351,187,164
17182,22,12,10
17183,20,11,9
17184,61,21,40
17185,140,75,65
17186,310,164,146
17187,44,24,20
17188,14,6,8
17189,127,74,53
17190,59,35,24
17191,5,3,2
17192,4,3,1
17193,472,245,227
17194,7,4,3
17195,21,11,10
17196,8,4,4
17197,9,7,2
17198,50,22,28
17199,918,521,397
17200,36,19,17
17201,3,3,0
17202,381,192,189
17203,8,3,5
17204,115,71,44
17205,7,4,3
17206,4,2,2
17207,123,56,67
17208,61,32,29
17209,65,27,38
17210,42,23,19
17211,74,42,32
17212,7,4,3
17213,582,289,293
17214,57,25,32
17215,96,35,61
17216,6,4,2
17217,17,9,8
17218,42,24,18
17220,47,32,15
17221,361,168,193
17222,10,7,3
17223,61,32,29
17224,21,13,8
17225,24,10,14
17226,78,43,35
17227,7,4,3
17228,18,10,8
17230,50,27,23
17232,6,4,2
17233,158,81,77
17234,14,12,2
17901,67,37,30
17902,107,49,58
17903,91,50,41
25001,10,5,5
25002,8,4,4
25003,380,197,183
25004,33,20,13
25005,14,8,6
25006,19,8,11
25007,143,76,67
25008,85,36,49
25009,61,36,25
25010,4,2,2
25011,827,380,447
25012,242,123,119
25013,247,170,77
25014,9,3,6
25015,24,13,11
25016,230,145,85
25017,7,6,1
25019,399,266,133
25020,7,5,2
25021,282,181,101
25022,6,1,5
25023,305,169,136
25024,11,7,4
25025,31,19,12
25027,80,32,48
25029,154,93,61
25030,7,4,3
25031,1,0,1
25032,7,3,4
25033,100,53,47
25034,217,117,100
25035,17,8,9
25036,7,3,4
25037,12,9,3
25038,177,85,92
25039,22,14,8
25040,1666,910,756
25041,52,32,20
25042,6,3,3
25043,22,11,11
25044,4,0,4
25045,3,3,0
25046,25,14,11
25047,77,24,53
25048,125,71,54
25049,9,5,4
25050,349,222,127
25051,76,42,34
25052,149,63,86
25053,67,35,32
25055,6,3,3
25056,2,0,2
25057,5,2,3
25058,410,236,174
25059,55,33,22
25060,4,3,1
25061,1,1,0
25062,41,14,27
25063,3,2,1
25064,3,2,1
25067,43,25,18
25068,38,22,16
25069,26,13,13
25070,41,25,16
25071,0,0,0
25072,793,442,351
25073,43,24,19
25074,11,7,4
25075,7,4,3
25076,10,2,8
25077,25,18,7
25078,58,27,31
25079,18,11,7
25081,18,14,4
25082,6,5,1
25085,5,1,4
25086,39,27,12
25087,3,3,0
25088,2,0,2
25089,8,4,4
25092,7,4,3
25093,35,16,19
25094,4,1,3
25096,85,40,45
25097,2,1,1
25098,14,7,7
25099,119,66,53
25100,12,6,6
25101,23,19,4
25102,61,30,31
25103,11,9,2
25104,2,0,2
25105,7,4,3
25109,12,9,3
25110,263,133,130
25111,0,0,0
25112,20,12,8
25113,76,54,22
25114,2,1,1
25115,35,20,15
25118,11,8,3
25119,157,94,63
25120,11634,6605,5029
25121,44,29,15
25122,169,96,73
25123,5,1,4
25124,4,3,1
25125,9,5,4
25126,21,7,14
25127,5,5,0
25128,13,7,6
25129,5,1,4
25130,9,6,3
25131,18,11,7
25132,7,1,6
25133,36,24,12
25134,77,53,24
25135,93,48,45
25136,1,0,1
25137,1174,685,489
25138,22,11,11
25139,28,17,11
25140,23,12,11
25141,11,6,5
25142,17,9,8
25143,2,1,1
25145,2,2,0
25146,10,4,6
25148,4,2,2
25149,109,55,54
25150,5,2,3
25151,28,11,17
25152,7,4,3
25153,13,9,4
25154,3,1,2
25155,35,21,14
25156,43,16,27
25157,11,5,6
25158,97,58,39
25161,18,9,9
25163,8,2,6
25164,16,8,8
25165,16,7,9
25166,5,3,2
25167,5,3,2
25168,21,10,11
25169,9,6,3
25170,5,1,4
25171,215,139,76
25172,176,90,86
25173,106,68,38
25174,34,15,19
25175,3,0,3
25176,20,10,10
25177,28,16,12
25179,2,1,1
25180,11,7,4
25181,10,5,5
25182,93,52,41
25183,19,8,11
25185,39,17,22
25186,15,9,6
25189,220,119,101
25190,14,8,6
25191,7,3,4
25192,67,37,30
25193,33,14,19
25194,26,8,18
25196,1,0,1
25197,3,2,1
25200,14,8,6
25201,4,3,1
25202,14,7,7
25203,771,450,321
25204,75,44,31
25205,48,23,25
25206,11,2,9
25207,708,414,294
25208,19,8,11
25209,157,87,70
25210,155,64,91
25211,30,14,16
25212,5,3,2
25215,22,11,11
25216,8,4,4
25217,1478,797,681
25218,4,1,3
25219,7,4,3
25220,74,25,49
25221,7,4,3
25222,0,0,0
25223,76,40,36
25224,3,1,2
25225,62,40,22
25226,8,4,4
25227,21,12,9
25228,247,102,145
25230,113,62,51
25231,28,14,14
25232,163,71,92
25233,11,5,6
25234,438,252,186
25238,5,5,0
25239,27,14,13
25240,102,49,53
25242,51,23,28
25243,258,183,75
25244,32,12,20
25245,29,24,5
25247,5,2,3
25248,45,25,20
25249,4,1,3
25250,14,6,8
25251,42,25,17
25252,35,14,21
25253,12,7,5
25254,64,32,32
25255,30,21,9
25901,17,6,11
25902,33,13,20
25903,11,8,3
25904,9,5,4
25905,18,8,10
25906,6,3,3
25907,13,7,6
25908,6,2,4
25909,10,6,4
25910,5,3,2
25911,24,14,10
25912,38,20,18
25913,0,0,0
43001,77,43,34
43002,285,142,143
43003,18,9,9
43004,556,297,259
43005,427,224,203
43006,53,30,23
43007,48,26,22
43008,30,20,10
43009,155,77,78
43010,31,16,15
43011,58,25,33
43012,319,157,162
43013,542,268,274
43014,1839,1051,788
43015,2,2,0
43016,633,350,283
43017,11,8,3
43018,14,6,8
43019,67,37,30
43020,282,137,145
43021,26,11,15
43022,91,37,54
43023,29,12,17
43024,197,110,87
43025,42,26,16
43026,71,38,33
43027,7,3,4
43028,418,208,210
43029,24,14,10
43030,74,39,35
43031,142,73,69
43032,28,15,13
43033,68,34,34
43034,38,20,18
43035,18,10,8
43036,118,55,63
43037,2534,1317,1217
43038,2847,1420,1427
43039,7,4,3
43040,17,7,10
43041,16,12,4
43042,145,75,70
43043,275,144,131
43044,629,337,292
43045,19,11,8
43046,4,1,3
43047,697,442,255
43048,45,26,19
43049,69,42,27
43050,365,192,173
43051,1185,611,574
43052,109,63,46
43053,22,15,7
43054,266,154,112
43055,223,126,97
43056,55,21,34
43057,3,1,2
43058,5,5,0
43059,18,10,8
43060,159,96,63
43061,2,2,0
43062,21,12,9
43063,53,34,19
43064,192,116,76
43065,34,21,13
43066,11,8,3
43067,65,39,26
43068,41,22,19
43069,7,6,1
43070,15,11,4
43071,67,39,28
43072,6,2,4
43073,6,3,3
43074,182,95,87
43075,3,2,1
43076,41,23,18
43077,36,22,14
43078,69,36,33
43079,60,35,25
43080,13,5,8
43081,27,15,12
43082,25,14,11
43083,8,3,5
43084,39,17,22
28086,10,6,4
43086,519,288,231
43088,197,110,87
43089,52,30,22
43090,205,121,84
43091,11,7,4
43092,1241,643,598
43093,473,247,226
43094,256,147,109
43095,281,153,128
43096,12,8,4
43097,39,20,19
43098,27,11,16
43099,15,8,7
43100,273,132,141
43101,4,3,1
43102,41,24,17
43103,79,35,44
43104,165,107,58
43105,15,8,7
43106,69,44,25
43107,23,8,15
43108,217,105,112
43109,232,113,119
43110,15,7,8
43111,280,136,144
43112,18,11,7
43113,49,26,23
43114,13,6,7
43115,9,4,5
43116,24,10,14
43117,8,4,4
43118,61,34,27
43119,79,42,37
43120,46,20,26
43121,43,25,18
43122,6,4,2
43123,10246,5595,4651
43124,34,20,14
43125,72,40,32
43126,107,50,57
43127,65,35,30
43128,77,49,28
43129,463,276,187
43130,17,8,9
43131,593,325,268
43132,34,18,16
43133,707,403,304
43134,33,15,18
43135,16,9,7
43136,1095,565,530
43137,270,130,140
43138,300,178,122
43139,264,148,116
43140,416,212,204
43141,5,0,5
43142,122,74,48
43143,0,0,0
43144,88,42,46
43145,375,192,183
43146,3,2,1
43147,26,13,13
43148,11669,6300,5369
43149,55,22,33
43150,112,54,58
43151,7,4,3
43152,35,24,11
43153,1497,786,711
43154,9,5,4
43155,2957,1639,1318
43156,491,270,221
43157,19,12,7
43158,4,3,1
43159,6,5,1
43160,141,68,73
43161,2236,1162,1074
43162,440,233,207
43163,4469,2373,2096
43164,51,25,26
43165,34,18,16
43166,176,91,85
43167,35,21,14
43168,8,3,5
43169,24,16,8
43170,89,45,44
43171,2154,1203,951
43172,38,18,20
43173,6,3,3
43174,12,4,8
43175,24,14,10
43176,57,32,25
43177,50,26,24
43178,143,91,52
43901,1242,783,459
43902,334,221,113
43903,282,185,97
43904,301,193,108
43905,2435,1315,1120
43906,254,139,115
43907,395,228,167
03001,30,17,13
03002,468,268,200
03003,47,24,23
03004,71,39,32
03005,1372,663,709
03006,79,51,28
03007,17,6,11
03008,19,11,8
03009,7271,3405,3866
03010,28,12,16
03011,1238,606,632
03012,222,102,120
03013,171,83,88
03014,36837,18892,17945
03015,2806,1543,1263
03016,11,5,6
03017,58,22,36
03018,2028,1073,955
03019,2853,1482,1371
03020,19,11,8
03021,601,198,403
03022,13,8,5
03023,130,65,65
03024,753,443,310
03025,210,116,94
03026,198,114,84
03027,10,5,5
03028,117,69,48
03029,30,19,11
03030,84,40,44
03031,7041,3433,3608
03032,6,3,3
03033,13,5,8
03034,265,145,120
03035,93,48,45
03036,15,8,7
03037,46,25,21
03038,43,24,19
03039,16,12,4
03040,30,12,18
03041,937,534,403
03042,216,123,93
03043,410,163,247
03044,1129,617,512
03045,18,10,8
03046,225,127,98
03047,2147,1092,1055
03048,612,364,248
03049,2269,1211,1058
03050,2371,1187,1184
03051,42,25,17
03052,98,38,60
03053,1160,583,577
03054,44,28,16
03055,1061,506,555
03056,1384,670,714
03057,31,18,13
03058,660,349,311
03059,5003,2403,2600
03060,15,10,5
03061,198,115,83
03062,28,13,15
03063,4863,2499,2364
03064,911,506,405
03065,35414,16301,19113
03066,8397,3692,4705
03067,16,8,8
03068,5,4,1
03069,443,234,209
03070,388,217,171
03071,564,333,231
03072,43,24,19
03073,29,12,17
03074,240,139,101
03075,7,6,1
03076,1255,601,654
03077,234,115,119
03078,91,53,38
03079,3126,1326,1800
03080,239,128,111
03081,200,123,77
03082,2202,1192,1010
03083,512,276,236
03084,63,36,27
03085,35,20,15
03086,14,9,5
03088,729,419,310
03089,2231,1036,1195
03090,2198,1234,964
03091,20,12,8
03092,1007,477,530
03093,3230,1722,1508
03094,1327,657,670
03095,862,492,370
03096,936,441,495
03097,120,62,58
03098,77,39,38
03099,7679,4108,3571
03100,62,42,20
03101,747,411,336
03102,853,455,398
03103,38,19,19
03104,5561,2323,3238
03105,840,446,394
03106,82,52,30
03107,365,195,170
03109,609,389,220
03110,37,22,15
03111,1188,666,522
03112,80,40,40
03113,864,512,352
03114,222,113,109
03115,31,15,16
03116,282,112,170
03117,45,22,23
03118,529,299,230
03119,2089,1054,1035
03120,515,262,253
03121,3196,1516,1680
03122,6294,3272,3022
03123,1442,630,812
03124,39,28,11
03125,60,40,20
03127,33,20,13
03128,734,358,376
03129,138,64,74
03130,7,7,0
03131,18,9,9
03132,54,28,26
03133,10494,5376,5118
03134,14,8,6
03135,21,11,10
03136,36,22,14
03137,70,44,26
03138,590,323,267
03139,4205,2212,1993
03140,4593,2060,2533
03901,190,90,100
03902,1571,882,689
03903,506,280,226
03904,266,122,144
12001,82,47,35
12002,5,4,1
12003,96,53,43
12004,738,417,321
12005,1212,584,628
12006,25,13,12
12007,69,46,23
12008,16,4,12
12009,2849,1559,1290
12010,21,10,11
12011,379,222,157
12012,387,228,159
12013,9,6,3
12014,10,6,4
12015,13,11,2
12016,106,55,51
12017,23,12,11
12018,27,16,11
12020,10,7,3
12021,310,178,132
12022,21,13,8
12024,29,17,12
12025,9,6,3
12026,69,31,38
12027,2308,1162,1146
12028,1355,675,680
12029,102,67,35
12031,504,270,234
12032,3279,1770,1509
12033,262,140,122
12034,163,98,65
12036,58,33,25
12037,1,0,1
12038,4,1,3
12039,94,57,37
12040,19592,10540,9052
12041,5,5,0
12042,23,11,12
12043,71,39,32
12044,36,22,14
12045,20,12,8
12046,21,15,6
12048,21,10,11
12049,58,35,23
12050,162,93,69
12051,17,7,10
12052,38,15,23
12053,182,107,75
12055,10,7,3
12056,32,16,16
12057,61,37,24
12058,11,5,6
12059,31,20,11
12060,79,35,44
12061,21,13,8
12063,10,7,3
12064,11,8,3
12065,11,10,1
12067,74,46,28
12068,2,2,0
12069,3,3,0
12070,32,26,6
12071,147,91,56
12072,131,76,55
12073,8,4,4
12074,42,23,19
12075,13,4,9
12076,17,13,4
12077,369,185,184
12078,36,27,9
12079,45,21,24
12080,126,70,56
12081,97,53,44
12082,805,447,358
12083,5,2,3
12084,2998,1597,1401
12085,1341,800,541
12087,3,0,3
12088,5,5,0
12089,680,348,332
12090,11,5,6
12091,6,3,3
12092,7,6,1
12093,22,14,8
12094,108,61,47
12095,166,70,96
12096,114,59,55
12097,3,2,1
12098,55,33,22
12099,67,43,24
12100,174,95,79
12101,47,25,22
12102,71,38,33
12103,6,4,2
12104,817,420,397
12105,53,32,21
12106,160,83,77
12107,34,18,16
12108,62,37,25
12109,116,60,56
12110,16,14,2
12111,19,14,5
12112,6,2,4
12113,13,7,6
12114,17,9,8
12115,21,11,10
12116,3,2,1
12117,570,347,223
12118,14,11,3
12119,3,2,1
12120,13,8,5
12121,109,69,40
12122,107,52,55
12123,5,1,4
12124,257,148,109
12125,22,13,9
12126,3475,2007,1468
12127,6,4,2
12128,171,96,75
12129,163,79,84
12130,12,9,3
12131,7,4,3
12132,31,18,13
12133,4,1,3
12134,10,3,7
12135,5491,2945,2546
12136,132,64,68
12137,4,3,1
12138,2598,1349,1249
12139,35,20,15
12140,159,94,65
12141,5,3,2
12142,3,1,2
12901,252,122,130
12902,358,177,181
46001,81,49,32
46002,134,77,57
46003,112,61,51
46004,252,105,147
46005,4156,2023,2133
46006,683,319,364
46007,1919,961,958
46008,387,198,189
46009,339,179,160
46010,111,54,57
46011,1063,547,516
46012,121,64,57
46013,1827,839,988
46014,365,184,181
46015,946,475,471
46016,106,60,46
46017,4886,2334,2552
46018,39,20,19
46019,825,429,396
46020,632,307,325
46021,4184,2121,2063
46022,2846,1452,1394
46023,24,13,11
46024,41,25,16
46025,307,174,133
46026,91,45,46
46027,113,50,63
46028,40,18,22
46029,2817,1540,1277
46030,55,26,29
46031,1296,724,572
46032,751,368,383
46033,26,16,10
46034,271,141,130
46035,745,331,414
46036,39,22,17
46037,129,60,69
46038,35,29,6
46039,237,145,92
46040,127,58,69
46041,26,12,14
46042,422,213,209
46043,11,8,3
46044,585,247,338
46045,112,72,40
46046,93,57,36
46047,70,33,37
46048,472,263,209
46049,39,21,18
46050,17,7,10
46051,1258,666,592
46052,25,15,10
46053,52,26,26
46054,1972,1024,948
46055,173,86,87
46056,19,13,6
46057,35,21,14
46058,181,105,76
46059,98,50,48
46060,1043,522,521
46061,62,27,35
46062,582,305,277
46063,221,127,94
46064,102,43,59
46065,234,123,111
46066,148,77,71
46067,271,138,133
46068,37,14,23
46069,19,3,16
46070,1740,896,844
46071,49,24,25
46072,454,202,252
46073,178,96,82
46074,414,213,201
46075,16,8,8
46076,60,27,33
46077,920,505,415
46078,4666,2399,2267
46079,49,30,19
46080,98,53,45
46081,1881,937,944
46082,383,202,181
46083,2330,1116,1214
46084,147,78,69
46085,1545,861,684
46086,9,5,4
46087,15,7,8
46088,19,9,10
46089,271,155,116
46090,177,108,69
46091,8,5,3
46092,36,21,15
46093,262,137,125
46094,3273,1550,1723
46095,45,20,25
46096,68,37,31
46097,64,35,29
46098,286,171,115
46099,53,38,15
46100,35,16,19
46101,67,32,35
46102,3329,1734,1595
46103,85,46,39
46104,167,93,74
46105,2391,1270,1121
46106,196,102,94
46107,319,189,130
46108,52,24,28
46109,720,394,326
46110,3766,1898,1868
46111,1511,744,767
46112,47,26,21
46113,250,131,119
46114,92,46,46
46115,50,28,22
46116,1240,599,641
46117,62,32,30
46118,478,227,251
46119,83,40,43
46120,93,54,39
46121,16,7,9
46122,264,129,135
46123,248,108,140
46124,70,26,44
46125,127,69,58
46126,692,348,344
46127,373,233,140
46128,203,95,108
46129,44,22,22
46130,117,71,46
46131,8671,4330,4341
46132,311,157,154
46133,53,32,21
46134,326,162,164
46135,819,405,414
46136,287,153,134
46137,20,8,12
46138,40,22,18
46139,399,221,178
46140,48,17,31
46141,44,23,21
46142,74,43,31
46143,427,265,162
46144,71,45,26
46145,3162,1556,1606
46146,144,74,70
46147,2712,1415,1297
46148,174,78,96
46149,42,17,25
46150,210,134,76
46151,97,50,47
46152,15,12,3
46153,46,19,27
46154,134,69,65
46155,139,76,63
46156,236,130,106
46157,336,188,148
46158,158,94,64
46159,3857,1993,1864
46160,212,96,116
46161,226,118,108
46162,190,94,96
46163,176,85,91
46164,1750,943,807
46165,1071,548,523
46166,1099,543,556
46167,69,36,33
46168,224,118,106
46169,5173,2460,2713
46170,484,226,258
46171,2392,1344,1048
46172,698,389,309
46173,209,110,99
46174,134,54,80
46175,35,17,18
46176,308,174,134
46177,636,335,301
46178,474,250,224
46179,322,182,140
46180,80,45,35
46181,2611,1418,1193
46182,151,75,76
46183,979,540,439
46184,4195,1898,2297
46185,23,13,10
46186,2953,1397,1556
46187,117,71,46
46188,91,43,48
46189,60,22,38
46190,7593,3750,3843
46191,266,145,121
46192,106,50,56
46193,999,476,523
46194,2204,1146,1058
46195,232,115,117
46196,17,11,6
46197,261,143,118
46198,90,56,34
46199,686,353,333
46200,157,93,64
46201,3,2,1
46202,2298,1096,1202
46203,377,205,172
46204,750,365,385
46205,1605,811,794
46206,68,43,25
46207,857,422,435
46208,149,83,66
46209,192,82,110
46210,33,20,13
46211,177,94,83
46212,161,80,81
46213,2059,1074,985
46214,2150,1130,1020
46215,187,99,88
46216,451,213,238
46217,123,53,70
46218,107,63,44
46219,12,8,4
46220,6863,3611,3252
46221,29,21,8
46222,46,29,17
46223,1161,574,587
46224,13,8,5
46225,44,24,20
46226,2,1,1
46227,98,53,45
46228,290,160,130
46229,129,77,52
46230,2588,1321,1267
46231,215,116,99
46232,72,37,35
46233,442,228,214
46234,42,21,21
46235,3087,1686,1401
46236,102,51,51
46237,1076,515,561
46238,1675,793,882
46239,47,33,14
46240,26,18,8
46241,45,20,25
46242,23,14,9
46243,16,10,6
17197,10006,5063,4943
46245,45,22,23
46246,129,37,92
46247,101,42,59
46248,502,266,236
46249,965,503,462
46250,75324,37375,37949
46251,395,184,211
46252,7,3,4
46253,15,10,5
46254,56,30,26
46255,411,231,180
46256,1026,513,513
46257,496,288,208
46258,317,182,135
46259,56,30,26
46260,280,138,142
46261,206,120,86
46262,13,7,6
46263,33,20,13
46902,37,19,18
46903,483,221,262
46904,107,56,51
06001,113,61,52
06002,494,187,307
06003,64,24,40
06004,325,124,201
06005,191,74,117
06006,782,321,461
06007,281,111,170
06008,149,58,91
06009,28,14,14
06010,173,77,96
06011,5177,2066,3111
06012,579,234,345
06013,41,11,30
06014,906,428,478
06015,18451,8473,9978
06016,526,212,314
06017,42,12,30
06018,142,70,72
06019,241,97,144
06020,235,65,170
06021,120,42,78
06022,493,200,293
06023,742,361,381
06024,167,82,85
06025,718,349,369
06026,128,52,76
06027,106,52,54
06028,614,225,389
06029,184,74,110
06030,26,14,12
06031,66,9,57
06032,2,1,1
06033,258,130,128
06034,19,5,14
06035,142,85,57
06036,886,388,498
06037,279,127,152
06038,102,29,73
06039,478,239,239
06040,108,40,68
06041,75,28,47
06042,122,56,66
06043,104,38,66
06044,4451,2059,2392
06045,47,28,19
06046,208,83,125
06047,136,56,80
06048,119,47,72
06049,172,51,121
06050,627,256,371
06051,170,78,92
06052,733,308,425
06053,58,30,28
06054,790,276,514
06055,346,126,220
06056,65,36,29
06057,68,25,43
06058,359,172,187
06059,245,110,135
06060,679,223,456
06061,152,79,73
06062,65,21,44
06063,493,222,271
06064,212,99,113
06065,26,13,13
06066,247,88,159
06067,297,117,180
06068,63,26,37
06069,437,124,313
06070,1240,518,722
06071,41,11,30
06072,366,142,224
06073,109,46,63
06074,770,354,416
06075,62,33,29
06076,93,45,48
06077,19,9,10
06078,75,33,42
06079,65,22,43
06080,183,72,111
06081,186,62,124
06082,61,26,35
06083,7900,3548,4352
06084,202,80,122
06085,518,217,301
06086,221,87,134
06087,271,113,158
06088,3131,1407,1724
06089,64,20,44
06090,122,31,91
06091,586,250,336
06092,96,34,62
06093,716,300,416
06094,119,46,73
06095,1480,640,840
06096,49,25,24
06097,330,141,189
06098,87,21,66
06099,186,83,103
06100,92,37,55
06101,71,27,44
06102,119,57,62
06103,871,383,488
06104,107,36,71
06105,85,29,56
06106,82,31,51
06107,219,97,122
06108,422,176,246
06109,940,389,551
06110,18,9,9
06111,40,11,29
06112,65,25,40
06113,440,170,270
06114,23,7,16
06115,175,58,117
06116,201,64,137
06117,267,83,184
06118,24,15,9
06119,105,33,72
06120,380,192,188
06121,588,252,336
06122,1240,451,789
06123,775,273,502
06124,278,112,166
06125,188,74,114
06126,266,103,163
06127,393,163,230
06128,564,256,308
06129,114,49,65
06130,20,8,12
06131,121,59,62
06132,160,71,89
06133,322,145,177
06134,60,16,44
06135,203,80,123
06136,239,100,139
06137,193,100,93
06138,135,48,87
06139,61,24,37
06140,101,30,71
06141,228,83,145
06142,42,15,27
06143,458,227,231
06144,55,18,37
06145,156,57,99
06146,190,58,132
06147,36,18,18
06148,139,51,88
06149,1966,756,1210
06150,135,60,75
06151,162,39,123
06152,170,56,114
06153,3435,1513,1922
06154,473,207,266
06155,373,146,227
06156,136,65,71
06157,66,37,29
06158,2193,974,1219
06159,263,67,196
06160,581,235,346
06161,36,16,20
06162,431,175,256
06901,302,147,155
06902,249,134,115
06903,0,0,0
10001,41,17,24
10002,50,23,27
10003,75,32,43
10004,58,30,28
10005,72,40,32
10006,146,83,63
10007,61,37,24
10008,138,62,76
10009,39,20,19
10010,315,140,175
10011,67,28,39
10012,87,38,49
10013,36,12,24
10014,205,111,94
10015,105,48,57
10016,46,24,22
10017,69,25,44
10018,230,103,127
10019,173,77,96
10020,168,85,83
10021,1017,510,507
10022,35,21,14
10023,81,51,30
10024,63,36,27
10025,34,18,16
10026,73,37,36
10027,8,3,5
10028,13,6,7
10029,39,13,26
10030,33,15,18
10031,23,9,14
10032,230,99,131
10033,45,21,24
10034,21,8,13
10035,165,94,71
10036,29,18,11
10037,10257,4604,5653
10038,6,3,3
10039,52,27,25
10040,44,25,19
10041,130,71,59
10042,7,4,3
10043,105,38,67
10044,196,98,98
10045,123,65,58
10046,22,5,17
10047,189,95,94
10048,9,7,2
10049,590,311,279
10050,94,51,43
10051,28,21,7
10052,21,12,9
10053,62,30,32
10054,48,24,24
10055,111,58,53
10056,66,39,27
10057,22,13,9
10058,180,82,98
10059,41,22,19
10060,133,89,44
10061,215,139,76
10062,19,9,10
10063,12,6,6
10064,159,63,96
10065,20,10,10
10066,24,10,14
10067,1853,928,925
10068,109,60,49
10069,88,42,46
10070,57,25,32
10071,14,8,6
10072,92,60,32
10073,110,54,56
10075,44,26,18
10076,247,118,129
10077,82,29,53
10078,49,31,18
10079,84,58,26
10080,37,16,21
10081,18,9,9
10082,346,183,163
10083,15,7,8
10084,186,93,93
10085,48,24,24
10086,36,18,18
10087,240,114,126
10088,25,15,10
10089,195,111,84
10090,69,42,27
10091,54,25,29
10092,30,16,14
10093,47,17,30
10094,26,14,12
10095,49,22,27
10096,559,249,310
10097,2,1,1
10098,45,23,22
10099,66,42,24
10100,114,40,74
10101,39,17,22
10102,61,30,31
10103,44,27,17
10104,691,386,305
10105,287,145,142
10106,18,10,8
10107,125,71,54
10108,14,11,3
10109,261,151,110
10110,235,120,115
10111,220,121,99
10112,214,87,127
10113,478,266,212
10114,121,78,43
10115,551,272,279
10116,662,304,358
10117,22,14,8
10118,14,5,9
10119,68,23,45
10120,16,4,12
10121,1217,502,715
10122,32,18,14
10123,75,28,47
10124,94,64,30
10125,127,39,88
10126,200,90,110
10127,760,375,385
10128,1163,613,550
10129,52,26,26
10130,210,108,102
10131,1934,853,1081
10132,56,27,29
10133,235,124,111
10134,54,23,31
10135,162,95,67
10136,38,24,14
10137,40,25,15
10138,77,40,37
10139,12,8,4
10140,176,82,94
10141,25,14,11
10142,120,56,64
10143,11,4,7
10144,133,79,54
10145,15,7,8
10146,140,74,66
10147,87,42,45
10148,5190,2599,2591
10149,59,25,34
10150,33,16,17
10151,38,17,21
10152,42,23,19
10153,26,13,13
10154,20,9,11
10155,150,90,60
10156,8,5,3
10157,30,16,14
10158,38,24,14
10159,31,13,18
10160,13,11,2
10161,6,3,3
10162,61,21,40
10163,31,15,16
10164,67,36,31
10165,33,14,19
10166,48,24,24
10167,22,13,9
10168,32,16,16
10169,39,19,20
10170,26,12,14
10171,31,19,12
10172,90,51,39
10173,124,46,78
10174,38,17,21
10175,230,122,108
10176,40,14,26
10177,342,165,177
10178,92,41,51
10179,27,19,8
10180,885,453,432
10181,74,32,42
10182,29,11,18
10183,78,42,36
10184,80,39,41
10185,69,37,32
10186,111,51,60
10187,44,30,14
10188,90,53,37
10189,457,225,232
10190,78,30,48
10191,76,43,33
10192,105,52,53
10193,272,103,169
10194,84,30,54
10195,1151,557,594
10196,37,19,18
10197,18,8,10
10198,146,65,81
10199,17,7,10
10200,28,13,15
10201,27,12,15
10202,86,41,45
10203,622,264,358
10204,51,28,23
10205,281,149,132
10206,15,6,9
10207,57,35,22
10208,12,4,8
10209,42,21,21
10210,47,18,29
10211,48,21,27
10212,226,120,106
10213,44,20,24
10214,18,8,10
10215,54,29,25
10216,244,113,131
10217,47,22,25
10218,115,67,48
10219,181,61,120
10901,164,73,91
10902,0,0,0
10903,0,0,0
15001,387,176,211
15002,2768,1329,1439
15003,95,58,37
15004,568,284,284
15005,3250,1640,1610
15006,455,236,219
15007,389,218,171
15008,532,278,254
15009,1146,553,593
15010,149,77,72
15011,1906,963,943
15012,315,170,145
15013,582,313,269
15014,475,245,230
15015,226,114,112
15016,648,299,349
15017,2072,1006,1066
15018,102,52,50
15019,4133,1972,2161
15020,406,174,232
15021,417,189,228
15022,499,243,256
15023,827,381,446
15024,364,178,186
15025,89,51,38
15026,125,84,41
15027,94,57,37
15028,161,76,85
15029,898,491,407
15030,21395,10195,11200
15031,2547,1241,1306
15032,289,151,138
15033,315,145,170
15034,397,192,205
15035,1306,641,665
15036,7384,3316,4068
15037,470,190,280
15038,153,85,68
15039,110,72,38
15040,345,169,176
15041,1127,585,542
15042,308,166,142
15043,522,272,250
15044,93,42,51
15045,349,229,120
15046,651,308,343
15047,191,107,84
15048,463,237,226
15049,68,30,38
15050,115,80,35
15051,531,284,247
15052,459,214,245
15053,766,409,357
15054,3734,1696,2038
15055,507,260,247
15056,731,362,369
15057,1237,559,678
15058,2406,1187,1219
15059,1163,576,587
15060,546,234,312
15061,407,196,211
15062,569,305,264
15063,211,114,97
15064,179,87,92
15065,947,467,480
15066,389,204,185
15067,853,409,444
15068,520,273,247
15069,711,369,342
15070,915,472,443
15071,797,416,381
15072,1222,611,611
15073,2340,1011,1329
15074,437,230,207
15075,1100,580,520
15076,239,116,123
15077,898,492,406
15078,8572,4096,4476
15079,131,58,73
15080,112,62,50
15081,114,58,56
15082,1480,780,700
15083,109,55,54
15084,241,132,109
15085,285,146,139
15086,230,115,115
15087,601,282,319
15088,341,198,143
15089,391,215,176
15090,58,31,27
15091,78,51,27
15092,663,333,330
15093,444,270,174
15901,312,171,141
27001,127,96,31
27002,85,56,29
27003,108,59,49
27004,64,45,19
27005,195,104,91
27006,187,102,85
27007,220,121,99
27008,93,45,48
27009,126,86,40
27010,287,158,129
27011,119,72,47
27012,103,84,19
27013,275,123,152
27014,185,108,77
27015,275,166,109
27016,649,348,301
27017,69,46,23
27018,217,129,88
27019,736,349,387
27020,199,140,59
27021,132,98,34
27022,387,223,164
27023,132,96,36
27024,91,56,35
27025,175,66,109
27026,170,99,71
27027,125,65,60
27028,8876,4249,4627
27029,89,50,39
27030,221,122,99
27031,1673,814,859
27032,272,138,134
27033,26,15,11
27034,46,35,11
27035,21,12,9
27037,76,52,24
27038,60,38,22
27039,295,164,131
27040,167,96,71
27041,206,127,79
27042,83,45,38
27043,70,40,30
27044,171,109,62
27045,73,56,17
27046,97,52,45
27047,128,74,54
27048,114,65,49
27049,92,44,48
27050,365,204,161
27051,728,342,386
27052,91,48,43
27053,28,16,12
27054,56,40,16
27055,75,50,25
27056,157,79,78
27057,1175,581,594
27058,261,149,112
27059,150,76,74
27060,165,112,53
27061,45,28,17
27062,50,27,23
27063,117,63,54
27064,122,48,74
27065,1270,708,562
27066,1323,557,766
27901,143,78,65
27902,697,269,428
32001,398,185,213
32002,146,89,57
32003,51,22,29
32004,95,51,44
32005,106,59,47
32006,140,71,69
32007,87,57,30
32008,478,227,251
32009,1220,520,700
32010,31,22,9
32011,47,30,17
32012,94,39,55
32013,198,109,89
32014,104,58,46
32015,74,47,27
32016,48,28,20
32017,87,37,50
32018,145,79,66
32019,1422,683,739
32020,211,120,91
32021,118,61,57
32022,103,57,46
32023,79,49,30
32024,517,240,277
32025,64,37,27
32026,243,113,130
32027,108,60,48
32028,223,127,96
32029,25,20,5
32030,114,68,46
32031,110,58,52
32032,1111,514,597
32033,57,37,20
32034,136,68,68
32035,115,57,58
32036,88,44,44
32037,78,37,41
32038,40,24,16
32039,97,51,46
32040,146,74,72
32041,52,32,20
32042,178,103,75
32043,256,102,154
32044,71,48,23
32045,285,145,140
32046,141,80,61
32047,119,57,62
32048,103,61,42
32049,44,26,18
32050,340,176,164
32051,120,61,59
32052,195,115,80
32053,234,133,101
32054,10335,4760,5575
32055,97,53,44
32056,199,105,94
32057,27,22,5
32058,402,200,202
32059,116,80,36
32060,90,44,46
32061,93,47,46
32062,66,39,27
32063,174,95,79
32064,48,22,26
32065,62,36,26
32066,60,32,28
32067,124,73,51
32068,111,58,53
32069,578,277,301
32070,29,18,11
32071,162,87,75
32072,407,181,226
32073,90,51,39
32074,99,48,51
32075,339,162,177
32076,141,85,56
32077,93,40,53
32078,105,51,54
32079,119,57,62
32080,13,7,6
32081,179,89,90
32082,156,81,75
32083,48,34,14
32084,86,47,39
32085,1711,776,935
32086,267,149,118
32087,106,64,42
32088,132,81,51
32089,104,58,46
32090,67,29,38
32091,243,129,114
32092,47,36,11
36001,285,167,118
36002,408,233,175
36003,1207,589,618
36004,1180,522,658
36005,1202,638,564
36006,1629,830,799
36007,238,137,101
36008,3112,1447,1665
36009,604,323,281
36010,493,233,260
36011,135,70,65
36012,435,234,201
36013,253,158,95
36014,188,101,87
36015,593,349,244
36016,48,26,22
36017,2111,1073,1038
36018,257,159,98
36019,265,109,156
36020,129,66,63
36021,1675,840,835
36022,1439,681,758
36023,945,487,458
36024,1792,866,926
36025,283,146,137
36026,2601,1267,1334
36027,667,362,305
36028,539,303,236
36029,2502,1237,1265
36030,567,302,265
36031,40,21,19
36032,548,304,244
36033,1656,754,902
36034,530,283,247
36035,1687,819,868
36036,329,181,148
36037,432,192,240
36038,8175,3995,4180
36039,2444,1124,1320
36040,314,173,141
36041,1583,810,773
36042,2968,1352,1616
36043,703,331,372
36044,403,181,222
36045,2919,1237,1682
36046,581,295,286
36047,132,75,57
36048,749,365,384
36049,1074,468,606
36050,1084,507,577
36051,1720,918,802
36052,607,348,259
36053,910,405,505
36054,1673,819,854
36055,2106,973,1133
36056,745,311,434
36057,31759,14685,17074
36058,712,361,351
36059,406,228,178
36060,4642,2218,2424
36061,1144,629,515
36901,403,129,274
28001,2,1,1
28002,258,122,136
28003,17,10,7
28004,843,451,392
28005,18885,9585,9300
28006,7242,3604,3638
28007,13742,6595,7147
28008,316,191,125
28009,1323,613,710
28010,827,414,413
28011,55,27,28
28012,122,53,69
28013,4932,2397,2535
28014,5494,2827,2667
10023,1342,538,804
28016,11,7,4
28017,124,58,66
28018,454,254,200
28019,147,80,67
28020,15,10,5
28021,51,26,25
28022,1912,841,1071
28023,466,261,205
28024,15,8,7
28025,63,33,30
28026,692,347,345
28027,140,78,62
28028,205,114,91
28029,54,29,25
28030,250,146,104
28031,440,235,205
28032,616,278,338
28033,561,267,294
28034,36,18,18
28035,232,112,120
28036,329,138,191
28037,245,130,115
28038,488,285,203
28039,13,4,9
28040,2192,1069,1123
28041,339,156,183
28042,147,92,55
28043,890,488,402
28044,570,282,288
28045,3518,1807,1711
28046,524,282,242
28047,5407,2767,2640
28048,67,38,29
28049,7059,3516,3543
28050,405,173,232
28051,240,119,121
28052,513,247,266
28053,609,250,359
28054,944,477,467
28055,106,56,50
28056,199,116,83
28057,181,81,100
28058,20481,10166,10315
28059,519,275,244
28060,301,147,154
28061,2473,1375,1098
28062,35,15,20
28063,33,17,16
28064,13,5,8
28065,14235,6949,7286
28066,622,275,347
28067,522,301,221
28068,1036,524,512
28069,0,0,0
28070,9,5,4
28071,5,1,4
28072,414,199,215
28073,2145,1035,1110
28074,16949,8370,8579
28075,712,327,385
28076,53,28,25
28078,5,3,2
28079,222103,111893,110210
28080,3400,1573,1827
28082,651,342,309
28083,1349,658,691
28084,2183,1069,1114
28085,566,323,243
28086,698,347,351
28087,313,184,129
28088,14,5,9
28089,452,205,247
28090,875,456,419
28091,843,439,404
28092,19343,9543,9800
28093,164,77,87
28094,148,84,64
28095,233,149,84
28096,2411,1196,1215
28097,6,2,4
28099,338,188,150
28100,519,252,267
28101,21,9,12
28102,138,73,65
28104,974,451,523
28106,14747,7631,7116
28107,31,13,18
28108,397,183,214
28109,287,175,112
28110,312,147,165
28111,82,45,37
28112,15,7,8
28113,4161,1818,2343
28114,11,4,7
28115,3363,1618,1745
28116,93,44,49
28117,10,6,4
28118,5,2,3
28119,242,126,116
28120,123,76,47
28121,17,7,10
28122,57,28,29
28123,4701,2088,2613
28124,4,2,2
28125,319,168,151
28126,2,1,1
28127,4198,1866,2332
28128,53,32,21
28129,818,384,434
28130,3348,1590,1758
28131,1131,585,546
28132,2065,1060,1005
28133,1003,550,453
28134,5732,2787,2945
28135,108,59,49
28136,97,50,47
28137,198,98,100
28138,6,2,4
28140,296,125,171
28141,670,318,352
28143,4,2,2
28144,458,215,243
28145,284,124,160
28146,273,170,103
28147,148,80,68
28148,12302,5866,6436
28149,645,263,382
28150,339,147,192
28151,419,226,193
28152,881,383,498
28153,61,37,24
28154,809,394,415
28155,84,37,47
28156,129,72,57
28157,87,47,40
28158,69,35,34
28159,128,75,53
28160,816,438,378
28161,6199,2474,3725
28162,188,85,103
28163,48,22,26
28164,383,195,188
28165,310,160,150
28166,41,14,27
28167,948,397,551
28168,160,67,93
28169,92,44,48
28170,389,216,173
28171,648,393,255
28172,765,336,429
28173,86,41,45
28174,222,121,101
28175,78,35,43
28176,878,422,456
28177,980,466,514
28178,135,55,80
28179,154,73,81
28180,734,314,420
28181,1264,560,704
28182,14,5,9
28183,151,87,64
28901,108,63,45
28902,40,25,15
28903,1883,796,1087
30001,547,313,234
30002,1041,596,445
30003,3079,1628,1451
30004,170,109,61
30005,5273,2579,2694
30006,60,31,29
30007,1142,579,563
30008,2067,936,1131
30009,1622,800,822
30010,972,590,382
30011,584,311,273
30012,1569,799,770
30013,1255,679,576
30014,174,89,85
30015,2755,1298,1457
30016,21615,11333,10282
30017,2140,1031,1109
30018,1156,570,586
30019,3531,1892,1639
30020,1179,623,556
30021,1126,636,490
30022,3063,1641,1422
30023,565,254,311
30024,7108,3420,3688
30025,747,345,402
30026,2840,1449,1391
30027,6810,3155,3655
30028,1007,476,531
30029,1940,1051,889
30030,40250,20789,19461
30031,76,52,24
30032,406,209,197
30033,972,485,487
30034,123,53,70
30035,3013,1495,1518
30036,2688,1363,1325
30037,3285,1852,1433
30038,2488,1281,1207
30039,2150,1136,1014
30040,83,40,43
30041,3054,1556,1498
30042,248,117,131
30043,4061,1754,2307
30901,1368,734,634
30902,1519,830,689
31001,8,4,4
31002,22,12,10
31003,2,2,0
31004,0,0,0
31005,22,11,11
31006,235,118,117
31007,6,2,4
31008,6,4,2
31009,50,20,30
31010,825,417,408
31011,62,33,29
31012,76,36,40
31013,43,20,23
31014,22,14,8
31015,196,103,93
31016,857,389,468
31017,17,5,12
31018,29,17,12
31019,215,105,110
31020,17,9,8
31021,2,2,0
31022,27,14,13
31023,349,146,203
31024,7,5,2
31025,54,17,37
31026,4,3,1
31027,60,24,36
31028,10,4,6
31029,81,48,33
31030,8,7,1
31031,7,4,3
31032,177,111,66
31033,4,2,2
31034,5,3,2
31035,3,2,1
31036,80,45,35
31037,7,3,4
31038,84,34,50
31039,4,1,3
31040,15,9,6
31041,139,61,78
31042,189,102,87
31043,0,0,0
31044,16,7,9
31045,32,18,14
31046,2,1,1
31047,3,0,3
31048,12,4,8
31049,28,18,10
31050,306,166,140
31051,14,10,4
31052,2,1,1
31053,46,26,20
31054,42,21,21
31055,9,6,3
31056,9,4,5
31057,158,82,76
31058,9,4,5
31059,4,2,2
31060,1517,775,742
31061,1,0,1
31062,73,34,39
31063,1,1,0
31064,171,81,90
31065,198,96,102
31066,73,42,31
31067,177,102,75
31068,366,180,186
31069,51,21,30
16067,448,281,167
31071,0,0,0
31072,867,489,378
31073,24,14,10
31074,25,11,14
31075,10,4,6
31076,152,66,86
31077,923,576,347
31078,194,129,65
31079,6,3,3
31080,44,21,23
31081,16,9,7
31082,33,15,18
31083,3,1,2
31084,187,75,112
31085,28,20,8
31086,1030,463,567
31087,13,7,6
31088,577,273,304
31089,18,6,12
31090,9,6,3
31091,8,5,3
31092,18,13,5
31093,5,4,1
31094,7,4,3
31095,1,1,0
31096,0,0,0
31097,1194,551,643
31098,99,42,57
31099,2,2,0
31100,25,13,12
31101,95,32,63
31102,5,3,2
31103,3,3,0
31104,161,92,69
31105,254,132,122
31106,52,21,31
31107,175,82,93
31108,188,96,92
31109,93,38,55
31110,9,6,3
31111,0,0,0
31112,1,0,1
31113,1,0,1
31114,24,10,14
31115,10,5,5
31116,2,1,1
31117,38,25,13
31118,4,2,2
31119,0,0,0
31120,14,8,6
31121,2,0,2
31122,422,189,233
31123,50,33,17
31124,5,1,4
31125,15,8,7
31126,20,12,8
31127,5,3,2
31128,11,9,2
31129,22,12,10
31130,15,7,8
31131,40,22,18
31132,12,9,3
31133,2,2,0
31134,4,3,1
31135,3,2,1
31136,27,12,15
31137,8,7,1
31138,80,36,44
31139,7,4,3
31140,1,0,1
31141,5,3,2
31142,114,62,52
31143,3,1,2
31144,33,22,11
31145,9,4,5
31146,2,1,1
31147,2,1,1
31148,10,7,3
31149,127,59,68
31150,9,5,4
31151,4,3,1
31152,102,47,55
31153,135,74,61
31154,10,4,6
31155,24,9,15
31156,17,9,8
31157,360,199,161
31158,19,8,11
31159,68,22,46
31160,11,6,5
31161,21,16,5
31162,2,2,0
31163,245,127,118
31164,38,20,18
31165,234,133,101
31166,13,7,6
31167,59,32,27
31168,17,9,8
31169,238,116,122
31170,5,2,3
31171,53,23,30
31172,25,9,16
31173,61,37,24
31174,11,6,5
31175,8,2,6
31176,356,176,180
31177,25,16,9
31178,70,43,27
31179,46,22,24
31180,16,7,9
31181,6,4,2
31182,2,2,0
31183,47,23,24
31184,3,1,2
31185,17,8,9
31186,15,9,6
31187,12,10,2
31188,16,6,10
31189,133,79,54
31190,1,1,0
31191,215,105,110
31192,1,0,1
31193,94,50,44
31194,16,8,8
31195,5,3,2
31196,1,1,0
31197,3,1,2
31198,0,0,0
31199,2,1,1
31200,67,35,32
31201,15307,7521,7786
31202,534,239,295
31203,2,2,0
31204,3,2,1
31205,38,20,18
31206,235,131,104
31207,19,11,8
31208,284,147,137
31209,7,6,1
31210,4,2,2
31211,0,0,0
15075,1,1,0
31213,5,4,1
31214,4,4,0
31215,425,234,191
31216,367,155,212
31217,19,11,8
31219,4,3,1
31220,47,23,24
31221,101,43,58
31222,0,0,0
31223,73,35,38
31224,55,30,25
31225,1,1,0
31226,41,18,23
31227,670,312,358
31228,25,12,13
31229,2,2,0
31230,7,5,2
31231,8,5,3
31232,3247,1592,1655
31233,5,3,2
31234,4,1,3
31235,6,3,3
31236,58,23,35
31237,11,4,7
31238,5,4,1
31239,9,3,6
31240,37,22,15
31241,5,3,2
31242,12,4,8
31243,33,20,13
31244,4,2,2
31245,0,0,0
31246,7,4,3
31247,0,0,0
31248,3,2,1
31249,193,94,99
31250,183,89,94
31251,325,161,164
31252,1,1,0
31253,7,3,4
31254,211,115,96
31255,3,0,3
31256,7,3,4
31257,56,21,35
31258,840,377,463
31259,30,12,18
31260,65,35,30
31261,20,8,12
31262,9,3,6
31263,9,6,3
31264,11,7,4
31265,19,10,9
31901,1735,841,894
31902,383,160,223
31903,944,464,480
31904,162,71,91
31905,333,153,180
31906,268,129,139
31907,863,373,490
31908,80,41,39
01001,175,86,89
01002,720,330,390
01003,23,12,11
01004,131,62,69
01006,10,4,6
01008,41,20,21
01009,102,54,48
01010,151,60,91
01011,5,1,4
01013,28,14,14
01014,15,7,8
01016,15,11,4
01017,81,45,36
01018,60,28,32
01019,2,2,0
01020,12,8,4
01021,12,4,8
01022,47,23,24
01023,10,5,5
01027,21,8,13
01028,107,49,58
01030,4,2,2
01031,81,44,37
01032,35,20,15
01033,44,18,26
01034,10,8,2
01036,1288,630,658
01037,38,18,20
01039,11,7,4
01041,5,1,4
01042,69,34,35
01043,310,170,140
01044,7,4,3
01046,37,19,18
01047,67,30,37
01049,4,3,1
01051,479,218,261
01052,7,3,4
01053,21,7,14
01054,70,37,33
01055,60,33,27
01056,10,9,1
01057,9,3,6
01058,117,63,54
01059,17481,8504,8977
01060,7,3,4
01061,11,4,7
01062,25,15,10
01063,66,42,24
01901,190,82,108
01902,37,21,16
20001,10,4,6
20002,15,7,8
20003,57,31,26
20004,7,2,5
20005,121,65,56
20006,16,7,9
20007,25,14,11
20008,34,12,22
20009,979,466,513
20010,120,50,70
20011,85,31,54
20012,8,4,4
20013,280,135,145
20014,71,37,34
20015,69,28,41
20016,87,39,48
20017,656,341,315
20018,791,399,392
20019,751,327,424
20020,9,5,4
20021,18,11,7
20022,29,12,17
20023,29,14,15
20024,14,8,6
20025,89,35,54
20026,6,3,3
20027,203,119,84
20028,174,89,85
20029,250,129,121
20030,1900,914,986
20031,7,4,3
20032,618,295,323
20033,43,26,17
20034,219,123,96
20035,20,13,7
20036,848,333,515
20037,5,3,2
20038,10,3,7
20039,102,40,62
20040,1181,562,619
20041,20,8,12
20042,298,129,169
20043,98,33,65
20044,24,12,12
20045,4720,2098,2622
20046,97,41,56
20047,44,16,28
20048,12,5,7
20049,252,106,146
20050,21,8,13
20051,465,242,223
20052,76,43,33
20053,352,175,177
20054,41,21,20
20055,1316,631,685
20056,304,134,170
20057,9,3,6
20058,38,16,22
20059,338,148,190
20060,2,1,1
20061,272,144,128
20062,48,21,27
20063,456,226,230
20064,1105,573,532
20065,301,159,142
20066,26,18,8
20067,2690,1373,1317
20068,8,4,4
20069,9806,4619,5187
20070,72,38,34
20071,1098,525,573
20072,360,168,192
20073,281,135,146
20074,757,349,408
20075,381,191,190
20076,593,274,319
20077,370,158,212
20078,66,32,34
20079,1229,589,640
20080,567,296,271
20081,531,222,309
20901,99,39,60
20902,1268,617,651
20903,239,111,128
20904,9,5,4
20905,3,3,0
20906,5,2,3
20907,7,3,4
48001,395,173,222
48002,832,456,376
48003,1012,486,526
48004,10,7,3
48005,7,5,2
48006,15,6,9
48007,10,6,4
48008,43,21,22
48009,49,22,27
48010,20,9,11
48011,919,458,461
48012,161,79,82
48013,8010,4223,3787
48014,83,45,38
48015,3284,1578,1706
48016,352,165,187
48017,1085,557,528
48018,66,33,33
48019,303,161,142
48020,27360,13353,14007
48021,92,46,46
48022,202,108,94
48023,46,30,16
48024,40,24,16
48025,55,25,30
48026,41,21,20
48027,1546,767,779
48028,41,24,17
48029,719,341,378
48030,25,14,11
48031,12,2,10
48032,336,159,177
48033,9,7,2
48034,1219,564,655
48035,17,6,11
48036,1931,906,1025
48037,40,24,16
48038,65,35,30
48039,6,4,2
48040,79,42,37
48041,57,32,25
48042,93,47,46
48043,316,152,164
48044,4206,1970,2236
48045,471,230,241
48046,1054,506,548
48047,4,2,2
48048,28,13,15
48049,21,10,11
48050,17,11,6
48051,11,7,4
48052,78,40,38
48053,28,15,13
48054,1916,907,1009
48055,218,107,111
48056,50,29,21
48057,355,169,186
48058,58,24,34
48059,22,6,16
48060,246,138,108
48061,33,16,17
48062,9,5,4
48063,17,6,11
48064,36,24,12
48065,274,148,126
48066,23,15,8
48067,72,35,37
48068,81,50,31
48069,948,430,518
48070,24,9,15
48071,616,338,278
48072,60,32,28
48073,513,256,257
48074,311,150,161
48075,97,59,38
48076,19,9,10
48077,237,127,110
48078,3566,1852,1714
48079,17,8,9
48080,912,480,432
48081,108,47,61
48082,4045,2152,1893
48083,716,365,351
48084,2785,1535,1250
48085,788,374,414
48086,146,71,75
48087,33,20,13
48088,4,2,2
48089,226,130,96
48090,651,334,317
48091,78,38,40
48092,53,23,30
48093,76,41,35
48094,277,134,143
48095,165,79,86
48096,744,378,366
48097,113,66,47
48901,271,123,148
48902,1811,919,892
48903,75,42,33
48904,180,83,97
48905,160,82,78
48906,57,27,30
48907,16,8,8
48908,13,4,9
48909,3,2,1
48910,263,123,140
48911,15,9,6
48912,255,136,119
48913,105,57,48
48914,2,2,0
48915,11,4,7
26001,11,4,7
26002,89,43,46
26003,19,7,12
26004,0,0,0
26005,255,143,112
26006,266,150,116
26007,38,20,18
26008,146,70,76
26009,35,21,14
26010,3,2,1
26011,781,379,402
26012,2,2,0
26013,40,19,21
26014,15,11,4
26015,18,9,9
26016,1,0,1
26017,29,12,17
26018,964,442,522
26019,38,14,24
26020,26,17,9
26021,292,186,106
26022,9,6,3
26023,21,17,4
26024,13,4,9
26025,5,3,2
26026,84,45,39
26027,5,4,1
26028,9,4,5
26029,2,2,0
26030,1,1,0
26031,8,4,4
26032,1,0,1
26033,5,2,3
26034,35,16,19
26035,0,0,0
26036,2063,1069,994
26037,9,6,3
26038,1,1,0
26039,3,2,1
26040,0,0,0
26041,4,1,3
26042,148,98,50
26043,43,24,19
26044,0,0,0
26045,0,0,0
26046,108,57,51
26047,127,82,45
26048,0,0,0
26049,21,15,6
26050,6,3,3
26051,19,5,14
26052,4,2,2
26053,17,9,8
26054,17,13,4
26055,2,2,0
26056,27,19,8
26057,0,0,0
26058,13,9,4
26059,90,61,29
26060,2,2,0
26061,86,54,32
26062,1,0,1
26063,5,2,3
26064,229,118,111
26065,1,1,0
26066,17,8,9
26067,0,0,0
26068,7,6,1
26069,10,7,3
26070,6,5,1
26071,1047,561,486
26072,9,1,8
26073,4,3,1
26074,1,0,1
26075,33,20,13
26076,13,5,8
26077,0,0,0
26078,2,2,0
26079,61,32,29
26080,38,23,15
26081,1,0,1
26082,3,2,1
26083,6,4,2
26084,630,295,335
26086,0,0,0
26087,9,7,2
26088,3,2,1
26089,13456,6789,6667
26091,5,4,1
26092,0,0,0
26093,2,1,1
26094,0,0,0
26095,3,1,2
26096,14,10,4
26098,7,6,1
26099,144,82,62
26100,2,1,1
26101,1,0,1
26102,771,373,398
26103,69,32,37
26104,0,0,0
26105,199,98,101
26106,0,0,0
26107,3,3,0
26108,11,8,3
26109,2,1,1
26110,6,5,1
26111,22,11,11
26112,7,4,3
26113,0,0,0
26114,5,4,1
26115,1,1,0
26117,182,122,60
26118,1,0,1
26119,12,8,4
26120,153,84,69
26121,0,0,0
26122,2,2,0
26123,2,1,1
26124,92,53,39
26125,276,143,133
26126,0,0,0
26127,12,6,6
26128,3,0,3
26129,60,30,30
26130,4,3,1
26131,0,0,0
26132,9,5,4
26134,6,2,4
26135,5,2,3
26136,12,8,4
26138,530,274,256
26139,2,2,0
26140,13,5,8
26141,6,4,2
26142,68,33,35
26143,9,2,7
26144,13,8,5
26145,15,10,5
26146,6,4,2
26147,1,0,1
26148,10,5,5
26149,0,0,0
26150,4,3,1
26151,25,13,12
26152,0,0,0
26153,0,0,0
26154,1,1,0
26155,5,3,2
26157,35,19,16
26158,19,8,11
26160,58,29,29
26161,0,0,0
26162,7,7,0
26163,12,7,5
26164,1,1,0
26165,24,11,13
26166,4,2,2
26167,1,0,1
26168,634,321,313
26169,4,2,2
26170,35,22,13
26171,8,5,3
26172,0,0,0
26173,0,0,0
26174,6,2,4
26175,2,2,0
26176,3,3,0
26177,20,10,10
26178,1,1,0
26179,1,0,1
26180,20,9,11
26181,0,0,0
26183,5,4,1
51001,10822,4648,6174
52001,10357,4400,5957
