Codigo Municipio,Total Contratos,Contratos Hombres,Contratos Mujeres
01001,617,453,164
01002,5861,4843,1018
01003,141,88,53
01004,230,111,119
01006,125,90,35
01008,328,192,136
01009,1823,1164,659
01010,801,624,177
01011,636,541,95
01013,97,68,29
01014,518,419,99
01016,155,75,80
01017,126,71,55
01018,766,286,480
01019,113,83,30
01020,75,59,16
01021,218,116,102
01022,1505,1143,362
01023,450,394,56
01027,103,71,32
01028,1630,998,632
01030,29,18,11
01031,2351,1581,770
01032,592,549,43
01033,1162,997,165
01034,313,293,20
01036,6344,4375,1969
01037,248,116,132
01039,231,214,17
01041,499,448,51
01042,454,208,246
01043,1603,1244,359
01044,3,3,0
01046,167,110,57
01047,997,693,304
01049,20,14,6
01051,1695,775,920
01052,691,565,126
01053,418,316,102
01054,124,78,46
01055,225,102,123
01056,29,20,9
01057,811,654,157
01058,1488,1159,329
01059,84625,41350,43275
01060,292,248,44
01061,8,3,5
01062,75,26,49
01063,374,101,273
01901,745,537,208
01902,622,460,162
02001,330,193,137
02002,160,98,62
02003,57712,30515,27197
02004,266,204,62
02005,439,259,180
02006,279,148,131
02007,362,209,153
02008,266,154,112
02009,4306,2718,1588
02010,696,515,181
02011,93,57,36
02012,3445,2273,1172
02013,38,23,15
02014,71,48,23
02015,908,661,247
02016,186,149,37
02017,155,110,45
02018,341,206,135
02019,615,231,384
02020,101,60,41
02021,156,78,78
02022,26,17,9
02023,120,82,38
02024,1622,1239,383
02025,1894,1240,654
02026,326,224,102
02027,89,72,17
02028,22,11,11
02029,1111,835,276
02030,697,435,262
02031,80,45,35
02032,85,48,37
02033,1918,1473,445
02034,445,279,166
02035,804,479,325
02036,13,9,4
02037,8474,4881,3593
02038,212,160,52
02039,801,638,163
02040,117,90,27
02041,49,33,16
02042,108,57,51
02043,401,289,112
02044,222,143,79
02045,1483,1022,461
02046,364,247,117
02047,35,20,15
02048,648,446,202
02049,349,276,73
02050,24,19,5
02051,1301,1065,236
02052,133,101,32
02053,627,395,232
02054,156,107,49
02055,292,167,125
02056,449,311,138
02057,429,258,171
02058,61,28,33
02059,42,24,18
02060,112,66,46
02061,106,75,31
02062,152,124,28
02063,472,327,145
02064,79,52,27
02065,110,55,55
02066,31,18,13
02067,383,192,191
02068,173,98,75
02069,3299,2158,1141
02070,305,128,177
02071,702,471,231
02072,291,151,140
02073,1473,970,503
02074,4467,3365,1102
02075,368,277,91
02076,76,51,25
02077,11,10,1
02078,212,126,86
02079,1530,788,742
02080,132,120,12
02081,7997,5204,2793
02082,64,23,41
02083,23,13,10
02084,92,64,28
02085,35,19,16
02086,462,253,209
02901,554,420,134
03001,99,62,37
03002,1136,473,663
03003,153,86,67
03004,170,86,84
03005,2524,2091,433
03006,112,71,41
03007,81,37,44
03008,70,37,33
03009,8442,4558,3884
03010,47,29,18
03011,3657,1784,1873
03012,602,240,362
03013,280,197,83
03014,100192,50240,49952
03015,3077,1984,1093
03016,125,56,69
03017,144,103,41
03018,4257,2286,1971
03019,2921,1684,1237
03020,16,11,5
03021,943,545,398
03022,61,43,18
03023,225,166,59
03024,1895,1504,391
03025,138,102,36
03026,234,106,128
03027,28,21,7
03028,82,65,17
03029,29,25,4
03030,146,92,54
03031,37874,18141,19733
03032,15,11,4
03033,27,14,13
03034,333,181,152
03035,64,42,22
03036,17,5,12
03037,35,25,10
03038,58,36,22
03039,22,18,4
03040,47,32,15
03041,992,559,433
03042,356,180,176
03043,631,394,237
03044,1727,1090,637
03045,40,31,9
03046,127,87,40
03047,6366,3138,3228
03048,1658,981,677
03049,2338,1379,959
03050,3799,1840,1959
03051,30,18,12
03052,155,109,46
03053,1872,1299,573
03054,44,21,23
03055,1164,756,408
03056,2417,1489,928
03057,31,26,5
03058,2848,1935,913
03059,4853,3138,1715
03060,5,1,4
03061,366,198,168
03062,255,221,34
03063,9618,4857,4761
03064,1333,802,531
03065,50875,27891,22984
03066,9996,5513,4483
03067,27,19,8
03068,15,13,2
03069,2909,1294,1615
03070,508,311,197
03071,426,242,184
03072,74,59,15
03073,49,25,24
03074,262,170,92
03075,61,23,38
03076,3791,2034,1757
03077,175,108,67
03078,67,41,26
03079,4411,2457,1954
03080,338,268,70
03081,273,169,104
03082,4053,2175,1878
03083,3249,1754,1495
03084,63,37,26
03085,38,13,25
03086,31,18,13
03088,1871,1027,844
03089,2225,1325,900
03090,6754,4143,2611
03091,85,62,23
03092,921,541,380
03093,4213,2473,1740
03094,2197,1190,1007
03095,2491,1559,932
03096,1303,793,510
03097,162,90,72
03098,30,25,5
03099,19567,12863,6704
03100,95,65,30
03101,854,486,368
03102,1121,772,349
03103,72,54,18
03104,6241,3355,2886
03105,1241,793,448
03106,110,66,44
03107,378,255,123
03109,489,262,227
03110,72,54,18
03111,1291,985,306
03112,125,87,38
03113,1801,834,967
03114,729,284,445
03115,19,12,7
03116,696,410,286
03117,31,23,8
03118,722,312,410
03119,5729,2681,3048
03120,688,427,261
03121,4942,2829,2113
03122,8577,4379,4198
03123,1369,844,525
03124,33,25,8
03125,17,13,4
03127,63,42,21
03128,2160,1106,1054
03129,96,64,32
03130,44,18,26
03131,14,10,4
03132,63,41,22
03133,14823,7068,7755
03134,32,16,16
03135,25,17,8
03136,45,28,17
03137,77,40,37
03138,2410,934,1476
03139,4767,2483,2284
03140,6910,4162,2748
03901,276,84,192
03902,5581,3572,2009
03903,1183,816,367
03904,1310,929,381
04001,335,193,142
04002,465,294,171
04003,4359,2422,1937
04004,118,75,43
04005,119,63,56
04006,2367,1553,814
04007,391,202,189
04008,132,53,79
04009,88,42,46
04010,353,172,181
04011,679,351,328
04012,56,50,6
04013,58708,28969,29739
04014,55,40,15
04015,28,21,7
04016,2966,2236,730
04017,416,263,153
04018,233,67,166
04019,155,60,95
04020,95,56,39
04021,55,26,29
04022,75,39,36
04023,22,10,12
04024,650,322,328
04026,14,7,7
04027,90,50,40
04028,102,59,43
04029,3373,1873,1500
04030,296,159,137
04031,1276,1078,198
04032,2005,1510,495
04033,42,16,26
04034,33,21,12
04035,7706,5842,1864
04036,76,31,45
04037,369,194,175
04038,669,417,252
04041,149,74,75
04043,114,61,53
04044,338,248,90
04045,350,171,179
04046,207,92,115
04047,742,472,270
04048,697,514,183
04049,1285,664,621
04050,442,254,188
04051,89,55,34
04052,3229,2047,1182
04053,4017,2614,1403
04054,239,102,137
04055,103,69,34
04056,27,6,21
04057,359,174,185
04058,71,31,40
04059,278,147,131
04060,475,277,198
04061,220,118,102
04062,846,549,297
04063,311,164,147
04064,5582,2460,3122
04065,105,53,52
04066,13174,7405,5769
04067,141,80,61
04068,33,13,20
04069,648,354,294
04070,430,220,210
04071,91,57,34
04072,90,56,34
04073,52,27,25
04074,736,344,392
04075,8462,6087,2375
04076,286,161,125
04077,166,58,108
04078,203,123,80
04079,19272,10272,9000
04080,39,20,19
04081,69,32,37
04082,100,42,58
04083,416,232,184
04084,51,20,31
04085,122,60,62
04086,986,628,358
04087,48,23,25
04088,1171,751,420
04089,166,66,100
04090,169,84,85
04091,116,67,49
04092,821,485,336
04093,329,202,127
04094,52,15,37
04095,290,153,137
04096,177,98,79
04097,38,24,14
04098,247,141,106
04099,1062,528,534
04100,4496,2562,1934
04101,2884,1572,1312
04102,9640,5318,4322
04103,365,169,196
04901,195,78,117
04902,45784,23506,22278
04903,3976,2352,1624
05001,185,128,57
05002,309,180,129
05005,11,8,3
05007,7,6,1
05008,18,6,12
05010,13,11,2
05012,11,3,8
05013,246,156,90
05014,865,437,428
05015,10,6,4
05016,4268,1687,2581
05017,5,5,0
05018,3,2,1
05019,15481,7134,8347
05021,473,186,287
05022,191,122,69
05023,30,16,14
05024,13,9,4
05025,2,1,1
05026,23,6,17
05027,24,12,12
05029,12,6,6
05030,10,9,1
05033,8,7,1
05034,30,24,6
05035,9,7,2
05036,8,4,4
05037,38,18,20
05038,12,7,5
05039,2,1,1
05040,3,3,0
05041,147,79,68
05042,762,262,500
05043,7,5,2
05044,22,16,6
05045,10,4,6
05046,17,12,5
05047,870,455,415
05048,11,10,1
05049,32,21,11
05051,6,4,2
05052,15,10,5
05053,9,9,0
05054,230,163,67
05055,86,63,23
05056,13,10,3
05057,372,175,197
05058,12,10,2
05059,12,6,6
05060,12,6,6
05061,52,45,7
05062,4,3,1
05063,1,1,0
05064,15,12,3
05065,64,47,17
05066,73,59,14
05067,5,2,3
05069,6,5,1
05070,19,12,7
05072,22,11,11
05073,22,16,6
05074,86,46,40
05075,22,10,12
05076,55,30,25
05077,10,6,4
05078,15,10,5
05079,3,3,0
05080,1,1,0
05081,2,2,0
05082,59,37,22
05083,6,3,3
05084,2,1,1
05085,2,2,0
05086,8,7,1
05087,21,5,16
05088,0,0,0
05089,80,44,36
05090,7,5,2
05092,11,8,3
05093,35,24,11
05094,5,2,3
05095,20,14,6
05096,7,6,1
05097,26,17,9
05099,77,55,22
05100,60,28,32
05101,135,92,43
05102,230,136,94
05103,9,3,6
05104,6,5,1
05105,117,52,65
05106,0,0,0
05107,0,0,0
05108,3,3,0
05109,100,74,26
05110,119,81,38
05112,12,6,6
05113,25,21,4
05114,254,172,82
05115,79,55,24
05116,6,4,2
05117,25,12,13
05118,2,1,1
05119,0,0,0
05120,11,9,2
05121,113,31,82
05122,16,9,7
05123,564,376,188
05124,8,6,2
05125,0,0,0
05126,2,1,1
05127,87,65,22
05128,39,18,21
05129,10,5,5
05130,7,3,4
05131,5,2,3
05132,279,132,147
05133,9,8,1
05134,6,3,3
05135,62,44,18
05136,11,5,6
05138,23,17,6
05139,4,3,1
05140,8,5,3
05141,5,5,0
05142,7,5,2
05143,5,5,0
05144,4,2,2
05145,2,2,0
05147,8,3,5
05148,2,2,0
05149,11,10,1
05151,14,11,3
05152,1019,375,644
05153,1,1,0
05154,23,21,2
05155,2,2,0
05156,45,15,30
05157,17,7,10
05158,39,27,12
05159,10,6,4
05160,22,16,6
05161,53,33,20
05162,4,4,0
05163,219,110,109
05164,23,20,3
05165,476,200,276
05166,15,8,7
05167,34,26,8
05168,538,275,263
05169,15,6,9
05170,7,6,1
05171,3,3,0
05172,437,281,156
05173,5,4,1
05174,12,8,4
05175,125,102,23
05176,14,5,9
05177,51,18,33
05178,36,26,10
05179,23,10,13
05180,3,3,0
05181,4,4,0
05182,108,68,40
05183,12,6,6
05184,113,61,52
05185,11,7,4
05186,288,118,170
05187,290,127,163
05188,1,1,0
05189,79,42,37
05190,8,6,2
05191,162,100,62
05192,1,0,1
05193,20,15,5
05194,15,10,5
05195,47,32,15
05196,10,8,2
05197,11,8,3
05198,25,22,3
05199,1,0,1
05200,33,23,10
05201,33,26,7
05204,91,70,21
05205,7,6,1
05206,4,2,2
05207,57,44,13
05208,3,3,0
05209,3,2,1
05210,31,23,8
05211,33,27,6
05212,22,20,2
05213,73,54,19
05214,7,6,1
05215,74,58,16
05216,61,48,13
05217,222,66,156
05218,11,10,1
05219,1,1,0
05220,214,176,38
05221,42,25,17
05222,10,6,4
05224,21,17,4
05225,39,18,21
05226,2,2,0
05227,104,80,24
05228,9,7,2
05229,39,20,19
05230,7,5,2
05231,38,25,13
05232,20,15,5
05233,12,9,3
05234,3,0,3
05235,17,12,5
05236,6,5,1
05237,9,4,5
05238,400,223,177
05239,48,32,16
05240,508,252,256
05241,491,260,231
05242,102,39,63
05243,5,3,2
05244,0,0,0
05245,52,31,21
05246,4,4,0
05247,14,10,4
05249,5,3,2
05251,4,4,0
05252,8,6,2
05253,15,13,2
05254,16,9,7
05256,3,2,1
05257,7,5,2
05258,2,0,2
05259,9,7,2
05260,2,2,0
05261,4,3,1
05262,20,17,3
05263,7,5,2
05264,3,2,1
05265,6,4,2
05266,12,9,3
05267,6,4,2
05901,18,14,4
05902,90,84,6
05903,7,5,2
05904,7,5,2
05905,18,9,9
06001,423,174,249
06002,8180,4324,3856
06003,575,336,239
06004,1744,996,748
06005,1266,763,503
06006,2196,1501,695
06007,512,328,184
06008,248,203,45
06009,45,25,20
06010,425,265,160
06011,24515,17318,7197
06012,4178,2720,1458
06013,186,159,27
06014,3218,2053,1165
06015,73756,41506,32250
06016,832,541,291
06017,94,66,28
06018,385,284,101
06019,1293,866,427
06020,1099,796,303
06021,155,119,36
06022,596,452,144
06023,1394,979,415
06024,365,242,123
06025,2315,1593,722
06026,332,252,80
06027,372,228,144
06028,882,591,291
06029,1057,586,471
06030,37,20,17
06031,121,72,49
06032,12,7,5
06033,355,221,134
06034,196,144,52
06035,141,87,54
06036,1211,648,563
06037,415,275,140
06038,839,657,182
06039,425,289,136
06040,1622,1118,504
06041,257,206,51
06042,274,128,146
06043,305,140,165
06044,15110,8935,6175
06045,1079,737,342
06046,194,132,62
06047,241,110,131
06048,188,109,79
06049,373,274,99
06050,1316,871,445
06051,569,409,160
06052,1267,857,410
06053,536,340,196
06054,6393,4460,1933
06055,590,334,256
06056,101,75,26
06057,148,108,40
06058,2262,1501,761
06059,700,504,196
06060,8940,5746,3194
06061,138,72,66
06062,131,83,48
06063,895,639,256
06064,189,134,55
06065,396,237,159
06066,889,603,286
06067,525,359,166
06068,274,195,79
06069,1615,1107,508
06070,2318,1582,736
06071,104,64,40
06072,1066,656,410
06073,468,245,223
06074,1983,1240,743
06075,291,246,45
06076,1070,724,346
06077,433,261,172
06078,124,42,82
06079,337,237,100
06080,2572,1471,1101
06081,287,204,83
06082,220,139,81
06083,26328,15315,11013
06084,199,93,106
06085,1091,729,362
06086,489,340,149
06087,1018,647,371
06088,5123,3102,2021
06089,262,143,119
06090,601,470,131
06091,2289,1719,570
06092,382,250,132
06093,1495,836,659
06094,972,695,277
06095,9544,5154,4390
06096,105,67,38
06097,753,601,152
06098,179,127,52
06099,322,187,135
06100,202,162,40
06101,324,210,114
06102,346,202,144
06103,2630,1363,1267
06104,399,299,100
06105,325,206,119
06106,260,211,49
06107,550,280,270
06108,895,697,198
06109,708,465,243
06110,282,197,85
06111,217,135,82
06112,294,201,93
06113,2543,1733,810
06114,33,27,6
06115,383,229,154
06116,581,428,153
06117,774,537,237
06118,10,5,5
06119,228,133,95
06120,2109,1299,810
06121,3790,2610,1180
06122,4031,3263,768
06123,1328,1007,321
06124,475,338,137
06125,484,312,172
06126,3393,2391,1002
06127,946,577,369
06128,1827,1276,551
06129,196,115,81
06130,56,41,15
06131,1112,771,341
06132,573,261,312
06133,1565,1117,448
06134,275,181,94
06135,335,206,129
06136,1000,717,283
06137,179,126,53
06138,838,422,416
06139,898,705,193
06140,392,235,157
06141,518,372,146
06142,78,59,19
06143,1774,1122,652
06144,213,150,63
06145,254,140,114
06146,442,314,128
06147,143,94,49
06148,312,173,139
06149,7008,5485,1523
06150,308,201,107
06151,341,258,83
06152,2796,2083,713
06153,13369,7547,5822
06154,2710,1433,1277
06155,464,322,142
06156,1709,928,781
06157,130,86,44
06158,6547,4534,2013
06159,1512,1108,404
06160,876,519,357
06161,97,64,33
06162,867,575,292
06901,5616,3353,2263
06902,1057,639,418
06903,0,0,0
07001,331,182,149
07002,2134,1210,924
07003,7781,4242,3539
07004,491,281,210
07005,2806,1725,1081
07006,992,554,438
07007,76,48,28
07008,770,520,250
07009,106,72,34
07010,1095,666,429
07011,19830,10369,9461
07012,339,227,112
07013,1588,892,696
07014,4411,2340,2071
07015,8145,4060,4085
07016,388,207,181
07017,108,39,69
07018,212,129,83
07019,143,90,53
07020,393,233,160
07021,28,6,22
07022,2915,1637,1278
07023,975,600,375
07024,4050,2346,1704
07025,71,47,24
07026,22773,11868,10905
07027,4118,2179,1939
07028,81,57,24
07029,411,285,126
07030,207,154,53
07031,5105,2735,2370
07032,7867,3975,3892
07033,8862,4874,3988
07034,88,57,31
07035,177,125,52
07036,5193,2879,2314
07037,1639,923,716
07038,294,146,148
07039,4212,2414,1798
07040,129794,65613,64181
07041,501,264,237
07042,4059,2225,1834
07043,665,479,186
07044,1414,875,539
07045,126,87,39
07046,7156,4075,3081
07047,142,73,69
07048,9769,5711,4058
07049,334,190,144
07050,1268,822,446
07051,4166,2159,2007
07052,2104,1144,960
07053,135,84,51
07054,9215,5032,4183
07055,3345,1814,1531
07056,1102,645,457
07057,5697,3023,2674
07058,216,132,84
07059,955,544,411
07060,354,169,185
07061,1978,1188,790
07062,3741,2125,1616
07063,308,169,139
07064,762,484,278
07065,209,96,113
07901,115,91,24
07902,514,278,236
08001,6056,4050,2006
08002,138,43,95
08003,1368,508,860
08004,33,19,14
08005,1608,787,821
08006,1955,1004,951
08007,1752,1012,740
08008,66,42,24
08009,1815,1154,661
08010,1032,651,381
08011,366,182,184
08012,545,292,253
08013,696,542,154
08014,222,119,103
08015,34725,17221,17504
08016,376,208,168
08017,825,513,312
08018,764,394,370
08019,772822,364150,408672
08020,549,276,273
08021,920,121,799
08022,4839,2220,2619
08023,1204,555,649
08024,102,42,60
08025,433,238,195
08026,43,22,21
08027,119,78,41
08028,157,61,96
08029,3269,1995,1274
08030,1453,781,672
08031,559,382,177
08032,569,301,268
08033,3541,1832,1709
08034,288,105,183
08035,5440,2120,3320
08036,60,32,28
08037,875,599,276
08038,312,172,140
08039,55,29,26
08040,1475,651,824
08041,2075,1187,888
08042,126,67,59
08043,465,282,183
08044,808,525,283
08045,16,6,10
08046,1994,1065,929
08047,1105,566,539
08048,51,36,15
08049,244,140,104
08050,8,5,3
08051,6241,3867,2374
08052,180,85,95
08053,327,178,149
08054,5043,4039,1004
08055,57,31,26
08056,8326,4301,4025
08057,7,5,2
08058,496,375,121
08059,17,12,5
08060,24,9,15
08061,690,297,393
08062,38,21,17
08063,120,90,30
08064,370,176,194
08065,371,317,54
08066,820,443,377
08067,1088,615,473
08068,1300,858,442
08069,322,179,143
08070,21,11,10
08071,128,95,33
08072,984,502,482
08073,20975,11407,9568
08074,1599,805,794
08075,578,349,229
08076,3212,1806,1406
08077,6629,3419,3210
08078,32,15,17
08079,136,42,94
08080,166,51,115
08081,65,29,36
08082,353,215,138
08083,110,62,48
08084,140,108,32
08085,514,430,84
08086,5121,3032,2089
08087,15,7,8
08088,4040,1567,2473
08089,8971,4819,4152
08090,33,18,15
08091,1035,670,365
08092,401,237,164
08093,3,2,1
08094,718,406,312
08095,71,52,19
08096,20935,10680,10255
08097,341,198,143
08098,363,258,105
08099,79,34,45
08100,1925,1118,807
08101,47386,25320,22066
08102,10174,4577,5597
08103,117,62,55
08104,118,74,44
08105,1871,1030,841
08106,1823,1101,722
08107,2660,1391,1269
08108,2636,1726,910
08109,64,32,32
08110,2944,1511,1433
08111,172,69,103
08112,2335,1328,1007
08113,18556,8425,10131
08114,13376,8382,4994
08115,1760,1178,582
08116,210,96,114
08117,529,388,141
08118,3622,2090,1532
08119,1095,663,432
08120,531,262,269
08121,26220,13568,12652
08122,1317,1058,259
08123,3498,1725,1773
08124,10780,5288,5492
08125,8179,5601,2578
08126,1006,698,308
08127,3186,1681,1505
08128,24,11,13
08129,52,34,18
08130,27,23,4
08131,752,253,499
08132,42,28,14
08133,38,30,8
08134,115,57,58
08135,4892,2677,2215
08136,5163,3109,2054
08137,237,124,113
08138,465,202,263
08139,25,15,10
08140,400,198,202
08141,528,312,216
08142,6,5,1
08143,1076,713,363
08144,89,44,45
08145,2705,1854,851
08146,152,92,60
08147,2582,1398,1184
08148,148,96,52
08149,190,141,49
08150,125,86,39
08151,37,22,15
08152,48,22,26
08153,40,9,31
08154,671,442,229
08155,2338,1345,993
08156,7397,4804,2593
08157,1686,913,773
08158,774,464,310
08159,7156,4142,3014
08160,50,24,26
08161,1198,696,502
08162,457,276,181
08163,3299,1932,1367
08164,301,211,90
08165,3600,1748,1852
08166,163,84,79
08167,3388,2009,1379
08168,98,67,31
08169,22729,12996,9733
08170,92,26,66
08171,245,148,97
08172,2514,1423,1091
08174,189,113,76
08175,930,417,513
08176,25,21,4
08177,0,0,0
08178,43,25,18
08179,60,44,16
08180,5975,4025,1950
08181,4884,2511,2373
08182,486,300,186
08183,262,119,143
08184,18623,11378,7245
08185,29,13,16
08187,36234,17107,19127
08188,19,11,8
08189,28,19,9
08190,67,32,35
08191,1972,1274,698
08192,2966,2296,670
08193,114,54,60
08194,4512,2919,1593
08195,21,14,7
08196,9845,4667,5178
08197,1231,765,466
08198,445,259,186
08199,83,46,37
08200,21363,9999,11364
08201,103,57,46
08202,2693,1241,1452
08203,703,549,154
08204,231,137,94
08205,28902,12284,16618
08206,695,515,180
08207,776,322,454
08208,7345,4140,3205
08209,1364,762,602
08210,481,286,195
08211,5069,2619,2450
08212,49,37,12
08213,2764,1585,1179
08214,1637,954,683
08215,225,124,101
08216,7,3,4
08217,7218,3644,3574
08218,1058,496,562
08219,1931,1026,905
08220,236,121,115
08221,7653,3307,4346
08222,809,620,189
08223,790,328,462
08224,98,72,26
08225,20,17,3
08226,72,36,36
08227,939,702,237
08228,92,61,31
08229,91,71,20
08230,774,479,295
08231,4725,1807,2918
08232,410,245,165
08233,201,116,85
08234,189,102,87
08235,551,240,311
08236,294,174,120
08237,271,170,101
08238,4279,2507,1772
08239,334,163,171
08240,3947,2795,1152
08241,4,2,2
08242,41,18,23
08243,25,21,4
08244,746,432,314
08245,9893,4784,5109
08246,228,155,73
08247,49,24,25
08248,877,529,348
08249,61,43,18
08250,755,503,252
08251,3623,2338,1285
08252,12263,6546,5717
08253,9,8,1
08254,463,284,179
08255,11,10,1
08256,39,20,19
08257,282,250,32
08258,105,43,62
08259,1563,820,743
08260,12713,9485,3228
08261,2278,1132,1146
08262,1109,576,533
08263,4460,2519,1941
08264,1172,922,250
08265,347,223,124
08266,13699,6203,7496
08267,2647,1685,962
08268,320,241,79
08269,581,323,258
08270,7482,3696,3786
08271,4,1,3
08272,18,16,2
08273,1124,885,239
08274,686,393,293
08275,47,28,19
08276,39,32,7
08277,18,10,8
08278,738,479,259
08279,38344,19011,19333
08280,15,10,5
08281,1087,451,636
08282,599,250,349
08283,699,369,330
08284,4492,2441,2051
08285,2310,1002,1308
08286,459,297,162
08287,732,636,96
08288,610,453,157
08289,372,182,190
08290,145,87,58
08291,2273,713,1560
08292,103,64,39
08293,12,5,7
08294,282,187,95
08295,1588,855,733
08296,329,207,122
08297,5,2,3
08298,10397,5457,4940
08299,82,31,51
08300,1143,618,525
08301,10138,5795,4343
08302,1177,591,586
08303,40,21,19
08304,554,460,94
08305,8768,4289,4479
08306,40,21,19
08307,21210,11481,9729
08308,26,15,11
08901,67,32,35
08902,1115,630,485
08903,23,11,12
08904,482,207,275
08905,350,229,121
09001,250,113,137
09003,90,41,49
09006,31,9,22
09007,12,9,3
09009,15,13,2
09010,4,4,0
09011,1,1,0
09012,1,1,0
09013,6,5,1
09014,13,7,6
09016,646,324,322
09017,243,217,26
09018,9359,5004,4355
09019,69,35,34
09020,92,87,5
09021,2,2,0
09022,7,4,3
09023,91,75,16
09024,14,9,5
09025,41,28,13
09026,72,19,53
09027,0,0,0
09029,54,41,13
09030,7,6,1
09032,10,10,0
09033,19,6,13
09034,61,42,19
09035,48,38,10
09036,1,0,1
09037,7,7,0
09038,43,23,20
09039,1,1,0
09041,2,0,2
09043,8,8,0
09044,17,11,6
09045,44,42,2
09046,0,0,0
09047,4,3,1
09048,292,185,107
09050,5,2,3
09051,39,27,12
09052,1,1,0
09054,13,11,2
09055,9,5,4
09056,5797,3642,2155
09057,7,5,2
09058,34,20,14
09059,65639,32505,33134
09060,25,23,2
09061,13,13,0
09062,1,0,1
09063,21,14,7
09064,239,169,70
09065,9,5,4
09066,15,14,1
09067,52,38,14
09068,5,2,3
09070,1,1,0
09071,57,55,2
09072,28,17,11
09073,134,66,68
09074,136,47,89
09075,10,6,4
09076,1,1,0
09077,7,0,7
09078,3,1,2
09079,0,0,0
09082,9,7,2
09083,11,9,2
09084,7,7,0
09085,142,93,49
09086,141,68,73
09088,2,2,0
09090,8,8,0
09091,55,27,28
09093,5,4,1
09094,4,3,1
09095,12,4,8
09098,56,33,23
09100,11,7,4
09101,3,3,0
09102,4,3,1
09103,27,18,9
09104,6,6,0
09105,10,9,1
09108,41,25,16
09109,192,139,53
09110,8,5,3
09112,15,10,5
09113,164,98,66
09114,4,3,1
09115,1,1,0
09117,7,5,2
09119,1,1,0
09120,5,5,0
09122,12,5,7
09123,3,2,1
09124,234,112,122
09125,38,18,20
09127,13,6,7
09128,6,6,0
09129,16,11,5
09130,25,10,15
09131,68,49,19
09132,13,11,2
09133,22,12,10
09134,55,34,21
09135,11,6,5
09136,116,82,34
09137,52,45,7
09138,65,50,15
09139,16,11,5
09140,8,6,2
09141,114,49,65
09143,1,1,0
09144,1,1,0
09148,8,7,1
09149,15,12,3
09151,150,65,85
09152,518,403,115
09154,15,10,5
09155,16,14,2
09159,36,20,16
09160,16,13,3
09162,23,21,2
09163,38,28,10
09164,17,13,4
09166,3,3,0
09167,8,2,6
09168,207,147,60
09169,21,14,7
09170,4,4,0
09172,12,11,1
09173,3,3,0
09174,83,59,24
09175,3,2,1
09176,3,2,1
09177,133,58,75
09178,0,0,0
09179,2,2,0
09180,12,11,1
09181,14,13,1
09182,7,6,1
09183,3,3,0
09184,1,1,0
09189,22,20,2
09190,6,1,5
09191,1,1,0
09192,10,6,4
09194,1394,439,955
09195,8,8,0
09196,14,12,2
09197,75,50,25
09198,29,13,16
09199,59,38,21
09200,30,16,14
09201,10,8,2
09202,0,0,0
09206,0,0,0
09208,11,11,0
09209,783,393,390
09211,197,101,96
09213,28,15,13
09214,94,46,48
09215,20,15,5
09216,49,25,24
09217,29,17,12
09218,76,50,26
09219,7601,4290,3311
09220,3,3,0
09221,37,20,17
09223,3,2,1
09224,13,7,6
09225,8,6,2
09226,1,0,1
09227,66,37,29
09228,26,21,5
09229,18,13,5
09230,18,8,10
09231,0,0,0
09232,12,5,7
09235,110,98,12
09236,2,2,0
09238,326,94,232
09239,6,3,3
09241,14,10,4
09242,3,3,0
09243,3,3,0
09244,14,13,1
09246,108,25,83
09247,3,3,0
09248,2,2,0
09249,4,3,1
09250,12,3,9
09251,136,61,75
09253,45,18,27
09255,7,5,2
09256,628,496,132
09257,1,1,0
09258,45,38,7
09259,8,6,2
09261,105,63,42
09262,13,11,2
09265,7,3,4
09266,54,24,30
09267,3,1,2
09268,6,5,1
09269,4,3,1
09270,17,15,2
09272,45,26,19
09273,4,4,0
09274,101,55,46
09275,3,2,1
09276,29,14,15
09277,6,5,1
09279,68,53,15
09280,3,3,0
09281,111,85,26
09283,1,0,1
09287,100,72,28
09288,38,9,29
09289,289,108,181
09292,2,1,1
09294,4,3,1
09295,1,1,0
09297,12,11,1
09298,8,4,4
09301,24,20,4
09302,3,1,2
09303,1,1,0
09304,12,4,8
09306,9,6,3
09307,48,31,17
09308,0,0,0
09309,79,61,18
09310,0,0,0
09311,5,4,1
09312,36,33,3
09314,20,17,3
09315,13,10,3
09316,19,16,3
09317,0,0,0
09318,5,3,2
09321,2227,1475,752
09323,5,4,1
09325,7,4,3
09326,51,28,23
09327,5,5,0
09328,14,14,0
09329,18,11,7
09330,1054,491,563
09332,22,16,6
09334,4,2,2
09335,1,0,1
09337,10,7,3
09338,27,18,9
09339,26,18,8
09340,15,5,10
09343,3,2,1
09345,17,9,8
09346,10,8,2
09347,212,57,155
09348,4,4,0
09350,49,23,26
09351,0,0,0
09352,7,6,1
09353,8,6,2
09354,8,6,2
09355,6,4,2
09356,0,0,0
09358,100,36,64
09360,14,8,6
09361,34,29,5
09362,37,14,23
09363,142,43,99
09365,21,16,5
09366,1,1,0
09368,1,1,0
09369,136,91,45
09372,7,6,1
09373,19,18,1
09374,13,11,2
09375,1,1,0
09377,67,12,55
09378,2,0,2
09380,18,16,2
09381,2,2,0
09382,0,0,0
09384,47,33,14
09386,15,14,1
09387,2,0,2
09388,3,3,0
09389,1,1,0
09390,59,34,25
09391,38,24,14
09392,0,0,0
09394,186,79,107
09395,6,4,2
09396,116,107,9
09398,2,2,0
09400,56,28,28
09403,8,6,2
09405,50,29,21
09406,704,428,276
09407,0,0,0
09408,0,0,0
09409,15,12,3
09410,480,247,233
09411,3,2,1
09412,430,282,148
09413,77,31,46
09414,6,6,0
09415,40,34,6
09416,3,2,1
09417,2,1,1
09418,1,1,0
09419,6,3,3
09421,38,11,27
09422,1,1,0
09423,2,2,0
09424,0,0,0
09425,179,129,50
09427,232,136,96
09428,11,11,0
09429,0,0,0
09430,1,0,1
09431,21,17,4
09432,9,9,0
09433,3,3,0
09434,365,210,155
09437,20,18,2
09438,113,95,18
09439,415,275,140
09440,5,4,1
09441,19,15,4
09442,81,51,30
09443,5,4,1
09444,2,1,1
09445,7,3,4
09446,0,0,0
09447,3,3,0
09448,5,3,2
09449,20,10,10
09450,2,1,1
09451,31,23,8
09454,12,10,2
09455,1,1,0
09456,39,30,9
09458,448,380,68
09460,12,7,5
09463,16,9,7
09464,18,15,3
09466,6,6,0
09467,5,2,3
09471,4,4,0
09472,52,51,1
09473,4,4,0
09476,1,1,0
09478,1,1,0
09480,2,2,0
09482,0,0,0
09483,71,55,16
09485,0,0,0
09901,43,27,16
09902,13,10,3
09903,914,453,461
09904,20,17,3
09905,68,36,32
09906,231,149,82
09907,67,38,29
09908,79,55,24
10001,131,70,61
10002,164,60,104
10003,216,111,105
10004,299,143,156
10005,210,96,114
10006,491,220,271
10007,108,50,58
10008,545,268,277
10009,354,194,160
10010,1315,656,659
10011,131,70,61
10012,195,137,58
10013,80,42,38
10014,510,309,201
10015,151,82,69
10016,76,44,32
10017,235,174,61
10018,744,508,236
10019,1349,1077,272
10020,1167,443,724
10021,775,447,328
10022,125,72,53
10023,355,186,169
10024,235,93,142
10025,125,87,38
10026,69,43,26
10027,34,30,4
10028,33,26,7
10029,173,99,74
10030,89,27,62
10031,23,16,7
10032,297,174,123
10033,73,45,28
10034,48,30,18
10035,2261,1342,919
10036,201,110,91
10037,28693,16184,12509
10038,30,15,15
10039,120,62,58
10040,201,104,97
10041,275,157,118
10042,14,10,4
10043,374,227,147
10044,606,358,248
10045,558,355,203
10046,81,63,18
10047,186,98,88
10048,100,61,39
10049,1021,589,432
10050,677,331,346
10051,85,43,42
10052,75,52,23
10053,73,50,23
10054,221,119,102
10055,355,236,119
10056,215,172,43
10057,38,24,14
10058,958,618,340
10059,221,48,173
10060,409,252,157
10061,690,264,426
10062,479,241,238
10063,84,39,45
10064,673,347,326
10065,698,422,276
10066,39,27,12
10067,3183,1457,1726
10068,852,511,341
10069,175,133,42
10070,99,39,60
10071,97,67,30
10072,415,168,247
10073,207,135,72
10075,30,19,11
10076,688,367,321
10077,173,123,50
10078,46,24,22
10079,359,157,202
10080,122,74,48
10081,19,11,8
10082,403,203,200
10083,24,15,9
10084,463,198,265
10085,445,270,175
10086,92,55,37
10087,547,246,301
10088,187,130,57
10089,606,216,390
10090,161,83,78
10091,57,23,34
10092,41,21,20
10093,187,125,62
10094,181,114,67
10095,52,24,28
10096,943,466,477
10097,35,24,11
10098,51,31,20
10099,297,136,161
10100,318,158,160
10101,107,35,72
10102,69,30,39
10103,98,51,47
10104,2599,1576,1023
10105,1276,565,711
10106,20,8,12
10107,636,349,287
10108,140,92,48
10109,1521,1278,243
10110,1330,700,630
10111,516,276,240
10112,975,753,222
10113,375,179,196
10114,1221,693,528
10115,615,368,247
10116,977,581,396
10117,316,172,144
10118,76,47,29
10119,234,158,76
10120,19,11,8
10121,2463,1389,1074
10122,25,13,12
10123,237,140,97
10124,369,159,210
10125,357,195,162
10126,669,382,287
10127,1620,633,987
10128,2047,846,1201
10129,142,35,107
10130,1379,730,649
10131,3015,1729,1286
10132,140,81,59
10133,287,239,48
10134,152,78,74
10135,402,221,181
10136,32,24,8
10137,241,141,100
10138,294,146,148
10139,37,19,18
10140,885,412,473
10141,44,26,18
10142,413,174,239
10143,44,15,29
10144,331,152,179
10145,16,9,7
10146,554,306,248
10147,641,427,214
10148,9439,4768,4671
10149,115,55,60
10150,104,56,48
10151,86,70,16
10152,311,136,175
10153,38,12,26
10154,160,89,71
10155,826,347,479
10156,69,40,29
10157,75,54,21
10158,124,66,58
10159,224,139,85
10160,58,30,28
10161,10,6,4
10162,196,141,55
10163,29,17,12
10164,298,159,139
10165,35,25,10
10166,34,8,26
10167,217,131,86
10168,33,21,12
10169,136,96,40
10170,62,45,17
10171,197,115,82
10172,211,72,139
10173,311,175,136
10174,33,23,10
10175,394,217,177
10176,136,87,49
10177,130,80,50
10178,177,87,90
10179,67,43,24
10180,4919,2907,2012
10181,659,351,308
10182,292,168,124
10183,573,278,295
10184,360,264,96
10185,326,152,174
10186,321,172,149
10187,267,138,129
10188,220,93,127
10189,915,478,437
10190,379,188,191
10191,177,104,73
10192,80,50,30
10193,144,104,40
10194,41,16,25
10195,1812,1043,769
10196,1176,656,520
10197,53,40,13
10198,292,117,175
10199,28,17,11
10200,42,20,22
10201,126,78,48
10202,205,108,97
10203,1116,711,405
10204,130,76,54
10205,790,381,409
10206,43,26,17
10207,213,106,107
10208,35,19,16
10209,119,54,65
10210,399,234,165
10211,247,125,122
10212,486,265,221
10213,135,72,63
10214,40,32,8
10215,241,139,102
10216,386,177,209
10217,102,64,38
10218,683,380,303
10219,214,129,85
10901,828,533,295
10902,170,64,106
10903,137,59,78
11001,2233,1409,824
11002,3651,1990,1661
11003,699,338,361
11004,27363,16294,11069
11005,3372,1749,1623
11006,14236,7729,6507
11007,6146,3934,2212
11008,8201,5086,3115
11009,322,178,144
11010,2790,1516,1274
11011,1066,620,446
11012,54417,29649,24768
11013,675,450,225
11014,7913,4978,2935
11015,20926,11609,9317
11016,8739,4540,4199
11017,3595,2658,937
11018,785,404,381
11019,1029,638,391
11020,88392,51366,37026
11021,2436,1657,779
11022,9738,4464,5274
11023,3801,2135,1666
11024,5198,2978,2220
11025,1256,677,579
11026,1896,971,925
11027,30597,16989,13608
11028,13190,9005,4185
11029,2275,1135,1140
11030,9971,5806,4165
11031,14937,7589,7348
11032,21755,11847,9908
11033,11472,7977,3495
11034,2252,1214,1038
11035,5415,3053,2362
11036,499,304,195
11037,2885,1570,1315
11038,5505,3320,2185
11039,5060,3030,2030
11040,450,232,218
11041,6350,3152,3198
11042,1328,712,616
11901,2698,1669,1029
11902,2497,1564,933
12001,93,41,52
12002,48,37,11
12003,290,150,140
12004,3108,1571,1537
12005,2175,1493,682
12006,91,46,45
12007,45,28,17
12008,19,11,8
12009,4857,3003,1854
12010,50,28,22
12011,2119,1552,567
12012,399,254,145
12013,34,25,9
12014,24,9,15
12015,14,10,4
12016,450,281,169
12017,26,12,14
12018,51,37,14
12020,68,22,46
12021,4834,3104,1730
12022,34,24,10
12024,22,12,10
12025,24,17,7
12026,151,63,88
12027,5332,2956,2376
12028,7754,3612,4142
12029,108,71,37
12031,588,403,185
12032,6998,3921,3077
12033,594,320,274
12034,476,353,123
12036,31,21,10
12037,4,3,1
12038,20,7,13
12039,83,49,34
12040,43177,22705,20472
12041,49,37,12
12042,78,43,35
12043,75,47,28
12044,65,55,10
12045,38,22,16
12046,19,14,5
12048,37,26,11
12049,13,8,5
12050,264,179,85
12051,39,19,20
12052,39,23,16
12053,1095,689,406
12055,15,11,4
12056,77,51,26
12057,32,12,20
12058,14,8,6
12059,62,23,39
12060,165,140,25
12061,73,35,38
12063,13,8,5
12064,39,29,10
12065,43,31,12
12067,43,32,11
12068,35,25,10
12069,9,7,2
12070,52,36,16
12071,254,136,118
12072,226,98,128
12073,28,15,13
12074,648,519,129
12075,26,14,12
12076,32,31,1
12077,1818,1076,742
12078,61,25,36
12079,232,121,111
12080,589,334,255
12081,113,74,39
12082,3963,2713,1250
12083,12,8,4
12084,4841,3181,1660
12085,4561,2136,2425
12087,7,4,3
12088,14,10,4
12089,5219,2608,2611
12090,17,10,7
12091,41,30,11
12092,32,18,14
12093,47,32,15
12094,296,214,82
12095,247,194,53
12096,100,58,42
12097,4,3,1
12098,138,96,42
12099,336,221,115
12100,302,170,132
12101,60,36,24
12102,87,46,41
12103,12,6,6
12104,1606,826,780
12105,102,78,24
12106,198,129,69
12107,45,22,23
12108,52,38,14
12109,103,40,63
12110,34,28,6
12111,28,21,7
12112,35,27,8
12113,23,10,13
12114,30,17,13
12115,58,29,29
12116,17,7,10
12117,1038,524,514
12118,25,18,7
12119,32,22,10
12120,33,26,7
12121,160,111,49
12122,96,72,24
12123,15,8,7
12124,779,497,282
12125,33,24,9
12126,6235,4063,2172
12127,23,12,11
12128,572,418,154
12129,279,187,92
12130,192,85,107
12131,4,4,0
12132,43,28,15
12133,13,7,6
12134,20,11,9
12135,18602,13550,5052
12136,957,540,417
12137,10,6,4
12138,6648,4106,2542
12139,58,42,16
12140,234,92,142
12141,19,15,4
12142,10,7,3
12901,2775,2023,752
12902,385,249,136
13001,257,136,121
13002,287,156,131
13003,157,53,104
13004,678,505,173
13005,7905,4803,3102
13006,108,56,52
13007,168,95,73
13008,374,287,87
13009,405,265,140
13010,545,387,158
13011,887,447,440
13012,51,33,18
13013,2813,1527,1286
13014,230,188,42
13015,1174,711,463
13016,279,104,175
13017,139,77,62
13018,1386,1138,248
13019,2784,1852,932
13020,942,584,358
13021,60,33,27
13022,152,116,36
13023,3169,1948,1221
13024,436,369,67
13025,41,25,16
13026,63,34,29
13027,943,621,322
13028,3993,2779,1214
13029,23,15,8
13030,33,17,16
13031,797,554,243
13032,479,296,183
13033,1121,944,177
13034,21600,10987,10613
13035,189,120,69
13036,132,81,51
13037,1024,829,195
13038,684,384,300
13039,5461,3337,2124
13040,353,241,112
13041,31,16,15
13042,220,144,76
13043,64,39,25
13044,841,532,309
13045,281,218,63
13046,103,60,43
13047,3182,2109,1073
13048,102,51,51
13049,153,85,68
13050,408,119,289
13051,77,52,25
13052,2097,1280,817
13053,4606,2829,1777
13054,2017,1578,439
13055,166,100,66
13056,1611,1002,609
13057,532,417,115
13058,2508,1820,688
13059,27,15,12
13060,30,12,18
13061,3084,2251,833
13062,144,96,48
13063,740,474,266
13064,304,185,119
13065,588,379,209
13066,696,477,219
13067,53,34,19
13068,249,158,91
13069,223,157,66
13070,602,431,171
13071,11548,7485,4063
13072,442,271,171
13073,71,36,35
13074,655,483,172
13075,34,20,14
13076,212,154,58
13077,1474,1148,326
13078,6487,4517,1970
13079,5809,3915,1894
13080,111,72,39
13081,213,159,54
13082,14867,10155,4712
13083,846,573,273
13084,573,442,131
13085,939,716,223
13086,55,39,16
13087,8832,5785,3047
13088,267,184,83
13089,501,346,155
13090,648,458,190
13091,96,61,35
13092,481,352,129
13093,2154,1574,580
13094,63,37,26
13095,23,14,9
13096,2623,1744,879
13097,1211,794,417
13098,593,431,162
13901,122,78,44
13902,148,79,69
13903,425,350,75
13904,492,357,135
14001,6835,4309,2526
14002,13012,7311,5701
14003,512,281,231
14004,2561,1708,853
14005,3855,2232,1623
14006,471,321,150
14007,14348,9446,4902
14008,953,562,391
14009,475,294,181
14010,3724,2226,1498
14011,275,148,127
14012,8441,5183,3258
14013,14987,8822,6165
14014,5771,3932,1839
14015,1959,1370,589
14016,388,193,195
14017,5689,3150,2539
14018,2626,1814,812
14019,9855,6144,3711
14020,193,95,98
14021,122597,69073,53524
14022,4039,2336,1703
14023,688,335,353
14024,1655,1048,607
14025,3104,1942,1162
14026,1444,1218,226
14027,2872,1668,1204
14028,219,99,120
14029,1368,937,431
14030,7833,4436,3397
14031,738,459,279
14032,161,92,69
14033,1189,630,559
14034,127,53,74
14035,1322,860,462
14036,9104,6300,2804
14037,4565,2928,1637
14038,20013,12096,7917
14039,2825,1865,960
14040,9826,5882,3944
14041,2533,1479,1054
14042,12057,6624,5433
14043,8867,5286,3581
14044,1561,901,660
14045,2305,1286,1019
14046,5209,3194,2015
14047,360,224,136
14048,1012,655,357
14049,30074,18496,11578
14050,1069,562,507
14051,448,179,269
14052,2220,1245,975
14053,5340,2846,2494
14054,6521,4120,2401
14055,12350,7487,4863
14056,17446,10465,6981
14057,5189,3068,2121
14058,8068,5071,2997
14059,464,217,247
14060,10619,6397,4222
14061,272,140,132
14062,345,172,173
14063,1846,1317,529
14064,131,61,70
14065,901,547,354
14066,3443,2212,1231
14067,1883,1151,732
14068,246,58,188
14069,2725,1588,1137
14070,376,245,131
14071,341,236,105
14072,508,222,286
14073,1029,638,391
14074,750,478,272
14075,737,400,337
15001,704,429,275
15002,5466,3241,2225
15003,150,91,59
15004,474,208,266
15005,9301,4286,5015
15006,1395,725,670
15007,291,146,145
15008,3960,2373,1587
15009,2121,1075,1046
15010,215,123,92
15011,6060,3023,3037
15012,463,259,204
15013,409,260,149
15014,478,178,300
15015,951,369,582
15016,1032,546,486
15017,2927,1784,1143
15018,724,393,331
15019,4718,2101,2617
15020,682,241,441
15021,1122,820,302
15022,776,454,322
15023,1372,769,603
15024,1474,937,537
15025,110,71,39
15026,67,40,27
15027,332,224,108
15028,216,76,140
15029,760,366,394
15030,92932,42423,50509
15031,5397,2873,2524
15032,481,298,183
15033,516,295,221
15034,454,233,221
15035,1907,1042,865
15036,16920,8002,8918
15037,570,270,300
15038,183,123,60
15039,65,41,24
15040,354,214,140
15041,923,548,375
15042,660,448,212
15043,1066,616,450
15044,136,75,61
15045,293,219,74
15046,1009,476,533
15047,219,150,69
15048,496,231,265
15049,160,57,103
15050,163,68,95
15051,562,262,300
15052,599,344,255
15053,1207,591,616
15054,8758,4654,4104
15055,433,221,212
15056,642,306,336
15057,2058,950,1108
15058,5458,2561,2897
15059,1694,640,1054
15060,761,443,318
15061,696,359,337
15062,882,603,279
15063,392,286,106
15064,118,76,42
15065,2391,1546,845
15066,628,417,211
15067,8880,6599,2281
15068,745,381,364
15069,1130,631,499
15070,2597,1322,1275
15071,985,591,394
15072,1475,690,785
15073,6560,2635,3925
15074,386,259,127
15075,2345,1456,889
15076,369,168,201
15077,1423,777,646
15078,45028,21707,23321
15079,85,58,27
15080,161,96,65
15081,317,206,111
15082,4086,2338,1748
15083,67,47,20
15084,210,100,110
15085,295,216,79
15086,175,111,64
15087,689,399,290
15088,328,138,190
15089,498,321,177
15090,99,60,39
15091,96,58,38
15092,1391,605,786
15093,553,311,242
15901,545,423,122
16001,10,5,5
16002,61,42,19
16003,224,88,136
16004,34,26,8
16005,32,19,13
16006,16,11,5
16007,1069,701,368
16008,7,6,1
16009,4,1,3
16010,5,5,0
16011,4,1,3
16012,16,8,8
16013,0,0,0
16014,40,24,16
16015,113,87,26
16016,30,27,3
16017,51,32,19
16018,33,24,9
16019,12,10,2
16020,5,2,3
16022,7,2,5
16023,222,65,157
16024,12,8,4
16025,3,1,2
16026,41,23,18
16027,119,78,41
16029,21,18,3
16030,4,2,2
16031,6,3,3
16032,31,12,19
16033,282,183,99
16034,30,26,4
16035,62,39,23
16036,7,6,1
16038,18,16,2
16039,75,38,37
16040,16,12,4
16041,134,34,100
16042,168,97,71
16043,11,8,3
16044,1,0,1
16045,31,21,10
16046,38,25,13
16047,33,28,5
16048,61,37,24
16049,18,10,8
16050,43,20,23
16051,2,0,2
16052,176,100,76
16053,71,53,18
16055,166,86,80
16056,51,21,30
16057,30,24,6
16058,13,11,2
16060,480,354,126
16061,463,290,173
16062,0,0,0
16063,81,64,17
16064,214,137,77
16065,194,94,100
16066,670,454,216
16067,21,12,9
16068,64,45,19
16070,3,3,0
16071,2,0,2
16072,30,26,4
16073,30,19,11
16074,4,2,2
16078,14074,7562,6512
16079,21,9,12
16081,9,6,3
16082,168,111,57
16083,10,8,2
16084,4,2,2
16085,25,14,11
16086,696,477,219
16087,12,9,3
16088,6,5,1
16089,132,115,17
16091,5,4,1
16092,27,23,4
16093,27,17,10
16094,10,6,4
16095,12,6,6
16096,169,116,53
16097,8,6,2
16098,157,123,34
16099,13,5,8
16100,251,173,78
16101,12,6,6
16102,271,162,109
16103,69,49,20
16104,11,8,3
16106,448,287,161
16107,10,10,0
16108,18,13,5
16109,2,2,0
16110,15,13,2
16111,63,58,5
16112,427,235,192
16113,1729,1202,527
16115,20,15,5
16116,3,1,2
16117,138,78,60
16118,272,175,97
16119,36,27,9
16121,35,27,8
16122,54,37,17
16123,14,11,3
16124,837,547,290
16125,647,489,158
16126,126,76,50
16128,19,16,3
16129,18,13,5
16130,148,99,49
16131,5,4,1
16132,7,7,0
16133,2199,1494,705
16134,1130,667,463
16135,16,11,5
16137,2,1,1
16139,10,8,2
16140,3,3,0
16141,11,8,3
16142,51,35,16
16143,1,1,0
16145,55,36,19
16146,8,7,1
16147,2,0,2
16148,68,43,25
16149,10,8,2
16150,22,17,5
16151,3,2,1
16152,0,0,0
16153,588,375,213
16154,10150,6946,3204
16155,266,208,58
16156,5,4,1
16157,25,12,13
16158,154,112,42
16159,14,7,7
16160,4,2,2
16161,11,5,6
16162,16,15,1
16163,3,2,1
16165,10,7,3
16166,283,209,74
16167,32,13,19
16169,6,6,0
16170,141,59,82
16171,1106,744,362
16172,37,30,7
16173,20,12,8
16174,85,53,32
16175,2613,1791,822
16176,11,8,3
16177,18,14,4
16181,8,7,1
16185,7,1,6
16186,180,144,36
16187,11,9,2
16188,28,23,5
16189,65,45,20
16190,2678,1704,974
16191,230,184,46
16192,3,1,2
16193,5,3,2
16194,21,12,9
16195,176,79,97
16196,335,232,103
16197,3,1,2
16198,466,307,159
16199,4,4,0
16202,179,104,75
16203,3917,1969,1948
16204,75,55,20
16205,38,32,6
16206,26,17,9
16209,18,10,8
16211,30,10,20
16212,47,30,17
16213,0,0,0
16215,62,40,22
16216,23,16,7
16217,5,4,1
16218,85,48,37
16219,29,13,16
16224,4,4,0
16225,3,1,2
16227,25,13,12
16228,28,19,9
16231,12,11,1
16234,3,2,1
16236,113,72,41
16237,22,14,8
16238,121,108,13
16239,19,12,7
16240,15,8,7
16242,65,43,22
16243,88,43,45
16244,222,160,62
16245,132,56,76
16246,44,27,17
16247,15,14,1
16248,158,94,64
16249,650,378,272
16250,18,9,9
16251,887,556,331
16253,23,14,9
16254,28,16,12
16255,26,14,12
16258,114,93,21
16259,7,6,1
16263,250,182,68
16264,44,33,11
16265,6,6,0
16266,26,17,9
16269,95,77,18
16270,109,75,34
16271,240,142,98
16272,13,5,8
16273,23,10,13
16274,10,9,1
16275,3,1,2
16276,14,13,1
16277,44,28,16
16278,0,0,0
16279,213,164,49
16280,8,7,1
16901,114,46,68
16902,6,1,5
16903,178,113,65
16904,45,29,16
16905,151,74,77
16906,3,2,1
16908,96,80,16
16909,57,26,31
16910,4,2,2
17001,185,85,100
17002,844,619,225
17003,75,34,41
17004,41,20,21
17005,74,43,31
17006,1222,651,571
17007,354,194,160
17008,1023,618,405
17009,1081,805,276
17010,135,99,36
17011,380,295,85
17012,145,106,39
17013,1460,833,627
17014,7,4,3
17015,2435,1171,1264
17016,119,81,38
17018,206,125,81
17019,465,247,218
17020,577,260,317
17021,38,28,10
17022,1492,820,672
17023,7017,3485,3532
17024,153,85,68
17025,168,88,80
17026,67,43,24
17027,510,322,188
17028,84,65,19
17029,18,14,4
17030,113,92,21
17031,68,48,20
17032,976,504,472
17033,1186,480,706
17034,1847,969,878
17035,37,26,11
17036,612,273,339
17037,30,8,22
17038,418,224,194
17039,339,127,212
17040,41,23,18
17041,51,22,29
17042,127,103,24
17043,174,84,90
17044,1801,1083,718
17046,79,46,33
17047,3175,1741,1434
17048,5063,2598,2465
17049,1042,675,367
17050,110,84,26
17051,26,21,5
17052,54,31,23
17054,173,106,67
17055,15,4,11
17056,3893,2872,1021
17057,136,94,42
17058,61,41,20
17060,39,22,17
17061,42,28,14
17062,2708,1269,1439
17063,103,89,14
17064,28,17,11
17065,74,16,58
17066,8161,3744,4417
17067,127,66,61
17068,17,9,8
17069,74,50,24
17070,58,53,5
17071,80,55,25
17073,1356,1018,338
17074,64,48,16
17075,65,20,45
17076,4,3,1
17077,211,163,48
17078,68,56,12
17079,36506,16344,20162
17080,33,16,17
17081,318,230,88
17082,39,27,12
17083,680,488,192
17084,28,22,6
17085,29,22,7
17086,1798,866,932
17087,52,24,28
17088,117,33,84
17089,973,651,322
17090,114,73,41
17091,29,15,14
17092,1008,513,495
17093,304,223,81
17094,239,120,119
17095,13313,6866,6447
17096,7,6,1
17097,78,42,36
17098,37,20,17
17099,1,0,1
17100,43,35,8
17101,98,66,32
17102,82,52,30
17103,1771,977,794
17105,164,80,84
17106,12,8,4
17107,38,12,26
17109,82,52,30
17110,314,207,107
17111,159,76,83
17112,9,8,1
17114,6880,3240,3640
17115,48,36,12
17116,40,18,22
17117,5069,2568,2501
17118,4367,2070,2297
17119,19,12,7
17120,128,61,67
17121,225,176,49
17123,246,160,86
17124,1462,825,637
17125,6,2,4
17126,36,15,21
17128,31,23,8
17129,64,45,19
17130,123,96,27
17132,502,304,198
17133,200,114,86
17134,54,29,25
17135,163,126,37
17136,63,43,20
17137,2003,1436,567
17138,229,126,103
17139,595,402,193
17140,456,231,225
17141,2007,1119,888
17142,369,235,134
17143,18,9,9
17144,71,53,18
17145,319,106,213
17146,718,482,236
17147,2304,1384,920
17148,335,218,117
17149,36,19,17
17150,2564,1942,622
17151,22,17,5
17152,4575,2331,2244
17153,47,27,20
17154,12,6,6
17155,6042,2580,3462
17157,306,76,230
17158,133,103,30
17159,568,407,161
17160,3112,1658,1454
17161,98,70,28
17162,343,209,134
17163,796,424,372
17164,844,487,357
17165,500,217,283
17166,130,111,19
17167,254,126,128
17168,23,15,8
17169,375,227,148
17170,28,13,15
17171,20,14,6
17172,53,18,35
17173,126,95,31
17174,39,26,13
17175,83,66,17
17176,12,8,4
17177,62,29,33
17178,1404,862,542
17180,2556,1589,967
17181,706,405,301
17182,49,35,14
17183,100,79,21
17184,277,136,141
17185,1286,876,410
17186,473,308,165
17187,50,20,30
17188,58,42,16
17189,271,171,100
17190,642,470,172
17191,102,96,6
17192,79,35,44
17193,790,421,369
17194,19,14,5
17195,205,178,27
17196,8,6,2
17197,144,76,68
17198,76,55,21
17199,3625,1939,1686
17200,197,139,58
17201,60,42,18
17202,2312,1199,1113
17203,81,80,1
17204,396,306,90
17205,39,14,25
17206,29,24,5
17207,382,202,180
17208,166,92,74
17209,163,92,71
17210,184,144,40
17211,203,150,53
17212,9,5,4
17213,1379,851,528
17214,92,50,42
17215,802,576,226
17216,32,16,16
17217,34,18,16
17218,91,58,33
17220,426,242,184
17221,603,375,228
17222,25,17,8
17223,151,104,47
17224,37,19,18
17225,42,36,6
17226,1204,889,315
17227,4,4,0
17228,62,53,9
17230,74,52,22
17232,10,7,3
17233,899,526,373
17234,34,27,7
17901,191,146,45
17902,349,213,136
17903,348,224,124
18001,335,182,153
18002,630,351,279
18003,6546,4205,2341
18004,256,172,84
18005,130,74,56
18006,3017,1623,1394
18007,555,227,328
18010,683,544,139
18011,798,427,371
18012,2468,1465,1003
18013,5313,3278,2035
18014,1515,1108,407
18015,176,87,89
18016,209,142,67
18017,9428,4799,4629
18018,68,51,17
18020,1017,458,559
18021,4708,2612,2096
18022,3874,2326,1548
18023,4199,2141,2058
18024,95,62,33
18025,76,40,36
18027,842,344,498
18028,885,601,284
18029,842,384,458
18030,282,160,122
18032,171,119,52
18033,162,121,41
18034,442,261,181
18035,357,185,172
18036,427,228,199
18037,665,395,270
18038,811,432,379
18039,1600,628,972
18040,69,45,24
18042,119,75,44
18043,67,54,13
18044,417,232,185
18045,528,266,262
18046,852,368,484
18047,917,596,321
18048,1455,751,704
18049,266,133,133
18050,1189,475,714
18051,1435,944,491
18053,872,468,404
18054,314,212,102
18056,1637,766,871
18057,1015,457,558
18059,2450,1303,1147
18061,1475,849,626
18062,2741,1406,1335
18063,441,240,201
18064,107,56,51
18066,1844,1128,716
18067,195,112,83
18068,281,167,114
18069,948,484,464
18070,62,28,34
18071,2198,997,1201
18072,629,446,183
18074,132,82,50
18076,657,350,307
18078,588,258,330
18079,2550,1009,1541
18082,403,183,220
18083,159,114,45
18084,497,318,179
18085,293,133,160
18086,149,77,72
18087,110937,56310,54627
18088,1231,714,517
18089,4302,2056,2246
18093,1597,728,869
18094,630,364,266
18095,502,250,252
18096,145,68,77
18097,226,85,141
18098,2055,1148,907
18099,278,157,121
18100,6973,3665,3308
18101,1216,741,475
18102,8738,4997,3741
18103,239,127,112
18105,5272,3446,1826
18107,1003,507,496
18108,193,72,121
18109,304,174,130
18111,280,190,90
18112,63,30,33
18114,450,335,115
18115,1188,470,718
18116,1274,784,490
18117,108,67,41
18119,965,311,654
18120,106,57,49
18121,43,31,12
18122,13745,8389,5356
18123,88,57,31
18124,682,377,305
18126,339,142,197
18127,3322,2166,1156
18128,205,104,101
18132,3629,2199,1430
18133,1056,574,482
18134,3745,2283,1462
18135,8997,5785,3212
18136,1686,955,731
18137,1314,855,459
18138,2330,1345,985
18140,21995,11397,10598
18141,159,87,72
18143,731,248,483
18144,69,37,32
18145,1760,1201,559
18146,556,261,295
18147,1280,697,583
18148,279,124,155
18149,1197,794,403
18150,1707,914,793
18151,121,82,39
18152,699,402,297
18153,3182,2037,1145
18154,192,114,78
18157,209,150,59
18158,6728,3229,3499
18159,1018,702,316
18161,73,40,33
18162,575,345,230
18163,111,59,52
18164,1090,647,443
18165,1869,1040,829
18167,1033,431,602
18168,220,110,110
18170,449,247,202
18171,2720,1487,1233
18173,2820,1778,1042
18174,285,166,119
18175,4367,2424,1943
18176,62,47,15
18177,235,119,116
18178,445,318,127
18179,355,153,202
18180,119,73,46
18181,102,76,26
18182,1185,441,744
18183,299,161,138
18184,493,249,244
18185,496,346,150
18187,343,157,186
18188,1146,658,488
18189,92,49,43
18192,4082,2538,1544
18193,2053,1100,953
18194,2580,1189,1391
18901,141,79,62
18902,965,380,585
18903,408,178,230
18904,416,205,211
18905,3121,1826,1295
18906,329,161,168
18907,695,340,355
18908,290,116,174
18909,187,93,94
18910,247,122,125
18911,2970,1289,1681
18912,985,571,414
18913,971,541,430
19001,35,13,22
19002,14,4,10
19003,5,1,4
19004,141,42,99
19005,64,40,24
19006,75,45,30
19007,55,36,19
19008,7,5,2
19009,18,5,13
19010,2,1,1
19011,81,45,36
19013,121,100,21
19015,9,6,3
19016,4,4,0
19017,5,5,0
19018,10,9,1
19019,11,8,3
19020,83,58,25
19021,282,197,85
19022,243,145,98
19023,26,22,4
19024,7387,5046,2341
19027,21,15,6
19031,1,0,1
19032,20,17,3
19033,12,10,2
19034,2,1,1
19036,54,36,18
19037,20,13,7
19038,1,1,0
19039,12,9,3
19040,2,2,0
19041,7,3,4
19042,3,3,0
19043,9,7,2
19044,103,45,58
19045,17,10,7
19046,15966,10000,5966
19047,6,2,4
19048,0,0,0
19049,6,5,1
19050,1,1,0
19051,13,11,2
19052,1,0,1
19053,510,335,175
19054,25,19,6
19055,10,7,3
19057,3,2,1
19058,8682,5022,3660
19059,1,1,0
19060,54,30,24
19061,5,4,1
19064,0,0,0
19065,33,21,12
19066,13,9,4
19067,0,0,0
19070,3,2,1
19071,1003,513,490
19073,2,1,1
19074,18,15,3
19075,20,13,7
19076,2,2,0
19078,11,5,6
19079,5,2,3
19080,8,7,1
19081,6,5,1
19082,3,2,1
19086,195,94,101
19087,6,3,3
19088,4,4,0
19089,2,1,1
19090,11,6,5
19091,6,6,0
19092,126,92,34
19095,4,3,1
19096,28,19,9
19097,1,0,1
19098,2,1,1
19099,65,46,19
19102,2,2,0
19103,38,18,20
19104,0,0,0
19105,424,338,86
19106,8,4,4
19107,31,19,12
19108,11,6,5
19109,2,1,1
19110,6,0,6
19111,6,3,3
19112,9,4,5
19113,64,50,14
19114,0,0,0
19115,9,9,0
19116,0,0,0
19117,1000,571,429
19118,2,1,1
19119,16,10,6
19120,13,8,5
19121,37,15,22
19122,12,5,7
19123,7,7,0
19124,35,27,8
19125,5,3,2
19126,62,40,22
19127,11,6,5
19129,6,4,2
19130,23680,13140,10540
19132,8,5,3
19133,48,42,6
19134,8,8,0
19135,6,2,4
19136,1,0,1
19138,45,35,10
19139,2,0,2
19142,25,19,6
19143,195,113,82
19145,3,3,0
19146,9,6,3
19147,9,7,2
19148,2,2,0
19150,6,4,2
19151,145,74,71
19152,47,28,19
19153,2,2,0
19154,5,4,1
19155,3,3,0
19156,236,138,98
19157,1,0,1
19159,14,10,4
19160,47,40,7
19161,23,9,14
19162,9,6,3
19163,5,2,3
19165,9,6,3
19166,10,8,2
19167,11,7,4
19168,64,23,41
19169,4,2,2
19170,138,97,41
19171,2419,1538,881
19172,11,7,4
19173,6,6,0
19174,15,12,3
19175,20,12,8
19176,7,7,0
19177,10,7,3
19178,6,3,3
19179,11,5,6
19181,10,9,1
19182,1,1,0
19183,12,6,6
19184,20,12,8
19185,7,6,1
19186,8,7,1
19187,16,11,5
19188,2,2,0
19189,15,9,6
19190,770,383,387
19191,17,16,1
19192,343,220,123
19193,10,8,2
19194,4,4,0
19195,4,4,0
19196,20,17,3
19197,2,0,2
19198,0,0,0
19199,3,1,2
19200,38,18,20
19201,13,11,2
19202,5,1,4
19203,4,3,1
19204,48,37,11
19208,6,4,2
19209,4,1,3
19210,2,1,1
19211,74,59,15
19212,505,158,347
19213,3,2,1
19214,4,4,0
19215,5,3,2
19216,21,8,13
19217,14,14,0
19218,1,1,0
19219,5,4,1
19220,182,120,62
19221,4,4,0
19222,9,5,4
19223,18,6,12
19224,3,2,1
19225,184,135,49
19226,3,3,0
19227,4,4,0
19228,8,7,1
19229,4,3,1
19230,1309,1063,246
19231,5,5,0
19232,8,8,0
19233,4,4,0
19234,2,2,0
19235,5,2,3
19237,9,6,3
19238,0,0,0
19239,2,1,1
19240,3,2,1
19241,5,5,0
19242,7,6,1
19243,11,9,2
19244,11,5,6
19245,321,206,115
19246,2,2,0
19247,12,2,10
19248,1,0,1
19249,1,1,0
19250,14,9,5
19251,24,11,13
19252,102,92,10
19254,7,3,4
19255,22,22,0
19256,3,3,0
19257,1601,772,829
19258,27,15,12
19259,17,6,11
19260,2,1,1
19261,2,0,2
19262,35,14,21
19263,1,0,1
19264,35,24,11
19265,14,8,6
19266,60,33,27
19267,4,3,1
19268,7,5,2
19269,6,4,2
19270,0,0,0
19271,2,1,1
19272,21,14,7
19274,2345,1671,674
19277,1,1,0
19278,4,3,1
19279,200,141,59
19280,316,139,177
19281,7,6,1
19282,36,22,14
19283,2,1,1
19284,1,1,0
19285,2,1,1
19286,44,25,19
19287,18,16,2
19288,0,0,0
19289,2,1,1
19290,78,49,29
19291,831,607,224
19293,138,88,50
19294,0,0,0
19296,2,2,0
19297,0,0,0
19298,6,5,1
19299,3,3,0
19300,56,22,34
19301,2,2,0
19302,2,1,1
19303,8,6,2
19304,11,6,5
19305,7,5,2
19306,3,2,1
19307,3,1,2
19308,9,9,0
19309,1,0,1
19310,0,0,0
19311,15,13,2
19314,0,0,0
19317,17,10,7
19318,3,3,0
19319,670,387,283
19321,4,1,3
19322,0,0,0
19323,1,1,0
19324,3,2,1
19325,47,9,38
19326,161,85,76
19327,87,75,12
19329,8,6,2
19330,4,4,0
19331,1458,718,740
19332,5,5,0
19333,15,9,6
19334,5,2,3
19335,18,10,8
19901,1,1,0
20001,128,43,85
20002,384,313,71
20003,208,146,62
20004,39,18,21
20005,301,151,150
20006,37,25,12
20007,94,56,38
20008,88,51,37
20009,2648,1422,1226
20010,593,339,254
20011,405,260,145
20012,63,52,11
20013,962,382,580
20014,689,472,217
20015,85,47,38
20016,437,286,151
20017,1913,1194,719
20018,2875,1245,1630
20019,2077,1050,1027
20020,25,7,18
20021,94,79,15
20022,75,21,54
20023,47,26,21
20024,25,12,13
20025,119,42,77
20026,42,18,24
20027,1001,347,654
20028,659,262,397
20029,1304,650,654
20030,4722,2078,2644
20031,48,38,10
20032,2457,1262,1195
20033,424,233,191
20034,812,511,301
20035,245,208,37
20036,3063,1074,1989
20037,19,7,12
20038,49,27,22
20039,804,402,402
20040,5280,3045,2235
20041,10,7,3
20042,636,448,188
20043,526,301,225
20044,193,116,77
20045,14136,7084,7052
20046,5943,1772,4171
20047,118,67,51
20048,29,11,18
20049,851,228,623
20050,77,38,39
20051,1631,1030,601
20052,417,251,166
20053,2109,1337,772
20054,271,105,166
20055,6349,2612,3737
20056,820,210,610
20057,40,13,27
20058,875,491,384
20059,2755,1450,1305
20060,16,4,12
20061,1109,369,740
20062,238,135,103
20063,5228,2930,2298
20064,2121,1369,752
20065,742,309,433
20066,54,29,25
20067,6181,2797,3384
20068,16,5,11
20069,87876,38250,49626
20070,149,42,107
20071,3673,1488,2185
20072,1964,1365,599
20073,3270,1762,1508
20074,4832,2263,2569
20075,857,488,369
20076,1223,638,585
20077,1134,442,692
20078,261,166,95
20079,4617,1918,2699
20080,1880,712,1168
20081,2540,1285,1255
20901,477,240,237
20902,2574,1150,1424
20903,3118,1722,1396
20904,20,13,7
20905,23,7,16
20906,11,4,7
20907,10,2,8
21001,302,201,101
21002,2330,1227,1103
21003,392,230,162
21004,1531,995,536
21005,33613,13397,20216
21006,1449,456,993
21007,2990,1706,1284
21008,1263,589,674
21009,294,180,114
21010,7080,3570,3510
21011,1461,723,738
21012,108,91,17
21013,8060,4475,3585
21014,4916,2144,2772
21015,407,292,115
21016,394,279,115
21017,785,416,369
21018,920,508,412
21019,131,86,45
21020,222,129,93
21021,20104,11654,8450
21022,129,79,50
21023,629,287,342
21024,160,108,52
21025,1739,1072,667
21026,119,79,40
21027,70,44,26
21028,186,133,53
21029,612,360,252
21030,1111,547,564
21031,579,348,231
21032,1006,431,575
21033,276,135,141
21034,562,382,180
21035,9461,4963,4498
21036,102,59,43
21037,205,96,109
21038,389,209,180
21039,169,72,97
21040,3275,2002,1273
21041,49993,26000,23993
21042,12970,6698,6272
21043,1405,785,620
21044,25195,14765,10430
21045,109,80,29
21046,8534,3227,5307
21047,877,407,470
21048,146,84,62
21049,629,429,200
21050,27767,10774,16993
21051,122,71,51
21052,676,344,332
21053,2430,1618,812
21054,4447,2689,1758
21055,19645,9568,10077
21056,1615,827,788
21057,457,267,190
21058,1369,776,593
21059,91,55,36
21060,9597,4472,5125
21061,4645,2308,2337
21062,933,551,382
21063,3058,1081,1977
21064,1933,1345,588
21065,115,61,54
21066,330,227,103
21067,124,92,32
21068,354,183,171
21069,1224,921,303
21070,1694,935,759
21071,125,82,43
21072,3124,1776,1348
21073,2989,1691,1298
21074,1175,730,445
21075,234,133,101
21076,5089,3075,2014
21077,2815,1318,1497
21078,709,509,200
21079,442,274,168
22001,65,21,44
22002,65,53,12
22003,40,28,12
22004,48,33,15
22006,139,67,72
22007,356,239,117
22008,8,7,1
22009,250,200,50
22011,4,4,0
22012,4,2,2
22013,32,24,8
22014,12,9,3
22015,41,31,10
22016,69,44,25
22017,469,342,127
22018,82,45,37
22019,4,4,0
22020,4,2,2
22021,536,307,229
22022,54,46,8
22023,43,31,12
22024,285,196,89
22025,533,409,124
22027,35,19,16
22028,64,22,42
22029,5,4,1
22032,14,4,10
22035,38,28,10
22036,1,1,0
22037,119,107,12
22039,196,120,76
22040,10,10,0
22041,21,18,3
22042,3,1,2
22043,18,14,4
22044,17,16,1
22045,3,3,0
22046,163,138,25
22047,13,5,8
22048,3560,1840,1720
22049,13,10,3
22050,4,3,1
22051,5,1,4
22052,907,704,203
22053,241,144,97
22054,1224,633,591
22055,27,18,9
22057,295,153,142
22058,118,63,55
22059,444,281,163
22060,823,657,166
22061,1800,1044,756
22062,22,18,4
22063,16,13,3
22064,4,4,0
22066,1200,495,705
22067,16,10,6
22068,3,1,2
22069,270,127,143
22072,78,61,17
22074,109,77,32
22075,15,13,2
22076,23,15,8
22077,217,102,115
22078,291,126,165
22079,299,250,49
22080,58,45,13
22081,14,10,4
22082,66,58,8
22083,20,11,9
22084,142,54,88
22085,42,36,6
22086,19,13,6
22087,14,14,0
22088,37,26,11
22089,70,64,6
22090,9,5,4
22094,31,29,2
22095,7,5,2
22096,49,26,23
22099,443,338,105
22102,7,6,1
22103,262,194,68
22105,33,23,10
22106,0,0,0
22107,15,11,4
22109,66,29,37
22110,118,88,30
22111,30,29,1
22112,8564,5202,3362
22113,54,37,17
22114,20,11,9
22115,236,131,105
22116,208,124,84
22117,623,273,350
22119,267,171,96
22122,4,3,1
22124,31,24,7
22125,14654,6741,7913
22126,3,2,1
22127,82,56,26
22128,27,23,4
22129,42,20,22
22130,3527,1420,2107
22131,10,9,1
22133,78,38,40
22135,8,5,3
22136,144,102,42
22137,71,35,36
22139,3,3,0
22141,103,95,8
22142,12,4,8
22143,20,14,6
22144,22,13,9
22149,18,10,8
22150,67,45,22
22151,36,31,5
22155,20,17,3
22156,54,24,30
22157,25,19,6
22158,3313,1801,1512
22160,21,10,11
22162,17,17,0
22163,102,74,28
22164,1,1,0
22165,6,4,2
22167,419,286,133
22168,3,2,1
22170,616,289,327
22172,84,59,25
22173,41,30,11
22174,43,33,10
22175,16,6,10
22176,8,7,1
22177,2,1,1
22178,10,6,4
22181,5,3,2
22182,53,22,31
22184,50,45,5
22186,15,11,4
22187,40,25,15
22188,17,14,3
22189,85,46,39
22190,27,21,6
22193,63,52,11
22195,61,48,13
22197,54,36,18
22199,1391,793,598
22200,54,33,21
22201,53,48,5
22202,103,97,6
22203,6,3,3
22204,1996,1015,981
22205,33,24,9
22206,15,9,6
22207,39,31,8
22208,45,33,12
22209,31,15,16
22212,141,62,79
22213,967,644,323
22214,39,10,29
22215,15,11,4
22217,99,73,26
22218,8,8,0
22220,15,14,1
22221,26,11,15
22222,45,32,13
22223,19,13,6
22225,609,433,176
22226,109,70,39
22227,19,11,8
22228,39,24,15
22229,12,8,4
22230,218,123,95
22232,10,10,0
22233,36,3,33
22234,875,606,269
22235,2,2,0
22236,16,14,2
22239,15,14,1
22242,10,10,0
22243,9,9,0
22244,1,1,0
22245,242,118,124
22246,11,10,1
22247,6,5,1
22248,6,6,0
22249,13,6,7
22250,109,69,40
22251,29,27,2
22252,5,5,0
22253,2,2,0
22254,1430,936,494
22901,130,55,75
22902,39,23,16
22903,152,134,18
22904,623,374,249
22905,43,28,15
22906,14,5,9
22907,555,253,302
22908,21,18,3
22909,68,54,14
23001,724,493,231
23002,18250,11783,6467
23003,12313,8687,3626
23004,210,151,59
23005,17613,11153,6460
23006,11901,7826,4075
23007,5209,3224,1985
23008,2190,1483,707
23009,10994,8193,2801
23010,8475,6535,1940
23011,1533,1061,472
23012,9159,7217,1942
23014,3248,2282,966
23015,1516,1050,466
23016,770,571,199
23017,1617,1075,542
23018,1964,1296,668
23019,2008,1430,578
23020,1983,1740,243
23021,378,265,113
23024,2950,1886,1064
23025,6181,4599,1582
23026,3814,2440,1374
23027,945,591,354
23028,6001,3863,2138
23029,2326,1808,518
23030,2962,1920,1042
23031,1546,1033,513
23032,408,264,144
23033,1823,1201,622
23034,2500,1521,979
23035,2450,1964,486
23037,876,677,199
23038,1182,811,371
23039,1466,1080,386
23040,3871,2512,1359
23041,1119,804,315
23042,105,58,47
23043,774,566,208
23044,3722,2450,1272
23045,852,505,347
23046,2460,1858,602
23047,1743,1065,678
23048,1733,1309,424
23049,2819,1785,1034
23050,62732,33192,29540
23051,3728,2317,1411
23052,1037,659,378
23053,9343,5441,3902
23054,271,157,114
23055,14013,8259,5754
23056,6087,3930,2157
23057,1001,592,409
23058,7140,4961,2179
23059,5796,3638,2158
23060,22069,15088,6981
23061,3294,2362,932
23062,2911,2180,731
23063,8958,6036,2922
23064,1544,962,582
23065,1442,934,508
23066,6047,4193,1854
23067,1282,865,417
23069,16995,12325,4670
23070,1422,882,540
23071,2005,1411,594
23072,2802,2054,748
23073,3875,2286,1589
23074,1432,1011,421
23075,3403,2366,1037
23076,393,323,70
23077,4053,3131,922
23079,5083,3500,1583
23080,3591,2560,1031
23081,2014,1567,447
23082,1348,840,508
23084,1509,1101,408
23085,1683,1011,672
23086,8823,6286,2537
23087,11034,8086,2948
23088,6381,4955,1426
23090,1557,1166,391
23091,1097,837,260
23092,17079,12182,4897
23093,2230,1424,806
23094,1891,1288,603
23095,17229,12836,4393
23096,3332,2340,992
23097,10639,8386,2253
23098,1274,940,334
23099,5068,3270,1798
23101,525,403,122
23901,1011,719,292
23902,4187,2898,1289
23903,6340,4274,2066
23904,1254,846,408
23905,2502,1941,561
24001,118,76,42
24002,27,19,8
24003,64,36,28
24004,96,69,27
24005,103,47,56
24006,73,43,30
24007,117,30,87
24008,2168,1295,873
24009,109,59,50
24010,2122,1064,1058
24011,15,8,7
24012,44,32,12
24014,1662,832,830
24015,245,138,107
24016,129,114,15
24017,53,48,5
24018,27,20,7
24019,25,15,10
24020,54,25,29
24021,252,130,122
24022,16,9,7
24023,45,24,21
24024,93,65,28
24025,35,23,12
24026,25,20,5
24027,226,158,68
24028,58,49,9
24029,39,28,11
24030,852,360,492
24031,14,7,7
24032,6,2,4
24033,13,7,6
24034,593,362,231
24036,12,8,4
24037,17,13,4
24038,749,384,365
24039,376,201,175
24040,58,15,43
24041,123,60,63
24042,6,2,4
24043,119,96,23
24044,11,7,4
24046,53,47,6
24047,470,255,215
24049,92,61,31
24050,13,4,9
24051,24,12,12
24052,15,8,7
24053,27,23,4
24054,37,26,11
24055,62,53,9
24056,480,245,235
24057,71,50,21
24058,10,8,2
24059,62,12,50
24060,24,15,9
24061,193,90,103
24062,15,12,3
24063,16,11,5
24064,710,602,108
24065,206,126,80
24066,15,14,1
24067,359,241,118
24068,16,10,6
24069,28,12,16
24070,388,200,188
24071,88,55,33
24073,177,104,73
24074,4,2,2
24076,85,70,15
24077,38,23,15
24078,120,87,33
24079,55,41,14
24080,45,14,31
24081,9,4,5
24082,1043,735,308
24083,141,99,42
24084,17,14,3
24086,8,4,4
24087,11,8,3
24088,63,47,16
24089,45679,19704,25975
24090,10,9,1
24091,84,31,53
24092,26,22,4
24093,40,33,7
24094,328,176,152
24095,15,14,1
24096,7,5,2
24097,26,18,8
24098,134,83,51
24099,25,23,2
24100,402,195,207
24101,11,6,5
24102,60,29,31
24103,51,40,11
24104,17,16,1
24105,1373,1113,260
24106,27,20,7
24107,41,29,12
24108,42,18,24
24109,26,15,11
24110,173,145,28
24112,13,6,7
24113,24,22,2
24114,697,529,168
24115,12336,5604,6732
24116,73,28,45
24117,17,11,6
24118,12,11,1
24119,29,20,9
24120,46,21,25
24121,201,98,103
24122,234,118,116
24123,26,20,6
24124,11,9,2
24125,16,14,2
24127,5,2,3
24129,3,1,2
24130,92,56,36
24131,335,142,193
24132,67,33,34
24133,48,14,34
24134,577,443,134
24136,36,22,14
24137,104,52,52
24139,552,301,251
24141,5,3,2
24142,2796,1188,1608
24143,25,16,9
24144,15,5,10
24145,29,13,16
24146,8,5,3
24148,407,298,109
24149,48,43,5
24150,6,3,3
24151,29,18,11
24152,72,53,19
24153,99,86,13
24154,231,173,58
24155,21,15,6
24156,29,14,15
24157,637,285,352
24158,29,11,18
24159,173,121,52
24160,155,140,15
24161,10,8,2
24162,684,508,176
24163,482,358,124
24164,27,16,11
24165,26,22,4
24166,54,37,17
24167,61,37,24
24168,50,24,26
24169,310,153,157
24170,232,157,75
24171,28,15,13
24172,25,18,7
24173,65,60,5
24174,30,24,6
24175,692,403,289
24176,23,17,6
24177,30,18,12
24178,5,3,2
24179,65,11,54
24180,96,62,34
24181,170,105,65
24182,42,29,13
24183,93,60,33
24184,6,3,3
24185,48,18,30
24187,148,104,44
24188,885,460,425
24189,709,381,328
24190,21,17,4
24191,34,22,12
24193,56,19,37
24194,67,18,49
24196,118,69,49
24197,48,25,23
24198,63,31,32
24199,47,25,22
24201,53,32,21
24202,898,393,505
24203,21,21,0
24205,906,774,132
24206,581,377,204
24207,56,43,13
24209,704,342,362
24210,45,22,23
24211,13,10,3
24212,163,74,89
24213,5,5,0
24214,21,12,9
24215,8,5,3
24216,22,19,3
24217,6,3,3
24218,125,96,29
24219,38,26,12
24221,83,62,21
24222,2399,1145,1254
24223,567,285,282
24224,24,16,8
24225,115,108,7
24226,14,14,0
24227,404,315,89
24228,19,12,7
24229,23,16,7
24230,17,15,2
24901,166,125,41
24902,17,13,4
25001,77,33,44
25002,195,97,98
25003,836,512,324
25004,269,206,63
25005,14,10,4
25006,254,185,69
25007,621,414,207
25008,562,446,116
25009,52,37,15
25010,13,11,2
25011,3998,2828,1170
25012,1444,969,475
25013,546,440,106
25014,91,59,32
25015,64,60,4
25016,1324,1138,186
25017,43,21,22
25019,1136,675,461
25020,33,25,8
25021,668,515,153
25022,14,11,3
25023,1361,893,468
25024,77,36,41
25025,1378,693,685
25027,497,418,79
25029,360,270,90
25030,25,10,15
25031,27,23,4
25032,5,0,5
25033,511,415,96
25034,426,305,121
25035,73,60,13
25036,30,15,15
25037,23,19,4
25038,2466,1815,651
25039,45,19,26
25040,2342,1338,1004
25041,600,460,140
25042,7,3,4
25043,939,547,392
25044,110,91,19
25045,26,6,20
25046,100,85,15
25047,170,141,29
25048,468,345,123
25049,16,11,5
25050,1430,931,499
25051,332,154,178
25052,980,589,391
25053,273,241,32
25055,9,8,1
25056,128,116,12
25057,24,8,16
25058,1901,1210,691
25059,288,157,131
25060,18,12,6
25061,4,3,1
25062,87,46,41
25063,14,11,3
25064,19,18,1
25067,179,132,47
25068,303,266,37
25069,58,36,22
25070,199,146,53
25071,6,6,0
25072,1774,1075,699
25073,23,12,11
25074,25,19,6
25075,65,19,46
25076,10,6,4
25077,36,20,16
25078,730,668,62
25079,36,17,19
25081,24,13,11
25082,248,117,131
25085,5,5,0
25086,286,145,141
25087,1,1,0
25088,33,20,13
25089,15,6,9
25092,10,5,5
25093,147,119,28
25094,33,23,10
25096,470,319,151
25097,7,5,2
25098,20,13,7
25099,1424,804,620
25100,34,22,12
25101,178,135,43
25102,594,498,96
25103,82,70,12
25104,6,5,1
25105,29,26,3
25109,36,32,4
25110,1317,804,513
25111,28,26,2
25112,109,100,9
25113,449,387,62
25114,5,3,2
25115,100,57,43
25118,61,52,9
25119,1104,671,433
25120,39366,20290,19076
25121,227,117,110
25122,358,236,122
25123,104,42,62
25124,4,2,2
25125,82,68,14
25126,360,240,120
25127,579,333,246
25128,19,19,0
25129,25,6,19
25130,45,27,18
25131,194,172,22
25132,34,19,15
25133,125,87,38
25134,289,267,22
25135,2481,1600,881
25136,11,4,7
25137,4167,2406,1761
25138,84,70,14
25139,63,35,28
25140,219,157,62
25141,18,16,2
25142,339,263,76
25143,21,20,1
25145,17,14,3
25146,34,30,4
25148,14,10,4
25149,409,157,252
25150,29,22,7
25151,160,115,45
25152,24,16,8
25153,14,5,9
25154,6,4,2
25155,131,96,35
25156,241,175,66
25157,11,10,1
25158,582,419,163
25161,33,26,7
25163,181,106,75
25164,293,156,137
25165,144,93,51
25166,11,8,3
25167,23,21,2
25168,328,253,75
25169,46,35,11
25170,22,15,7
25171,531,227,304
25172,548,335,213
25173,615,352,263
25174,1296,738,558
25175,48,28,20
25176,15,6,9
25177,73,46,27
25179,58,22,36
25180,67,65,2
25181,16,15,1
25182,689,371,318
25183,220,107,113
25185,67,43,24
25186,257,118,139
25189,436,315,121
25190,95,48,47
25191,74,36,38
25192,82,60,22
25193,134,65,69
25194,41,33,8
25196,1,1,0
25197,20,18,2
25200,50,31,19
25201,15,8,7
25202,12,10,2
25203,2373,1183,1190
25204,1337,1014,323
25205,136,97,39
25206,48,41,7
25207,1634,787,847
25208,52,31,21
25209,1021,546,475
25210,2149,1479,670
25211,492,275,217
25212,190,172,18
25215,133,112,21
25216,22,14,8
25217,2844,1600,1244
25218,14,3,11
25219,11,9,2
25220,889,350,539
25221,21,9,12
25222,5,5,0
25223,150,80,70
25224,21,16,5
25225,569,417,152
25226,13,9,4
25227,106,73,33
25228,1368,795,573
25230,802,591,211
25231,574,435,139
25232,4111,2859,1252
25233,451,376,75
25234,828,390,438
25238,65,40,25
25239,92,56,36
25240,364,257,107
25242,191,116,75
25243,2332,1162,1170
25244,351,104,247
25245,65,25,40
25247,18,12,6
25248,604,500,104
25249,13,9,4
25250,37,25,12
25251,208,171,37
25252,581,415,166
25253,44,33,11
25254,442,252,190
25255,35,30,5
25901,102,48,54
25902,47,34,13
25903,109,68,41
25904,51,36,15
25905,87,58,29
25906,18,7,11
25907,27,23,4
25908,11,8,3
25909,17,11,6
25910,15,8,7
25911,29,26,3
25912,334,279,55
25913,14,11,3
26001,349,308,41
26002,2056,1413,643
26003,298,118,180
26004,14,13,1
26005,2176,1345,831
26006,357,228,129
26007,316,232,84
26008,1975,1481,494
26009,143,118,25
26010,212,168,44
26011,6343,4236,2107
26012,8,6,2
26013,94,84,10
26014,85,22,63
26015,136,116,20
26016,62,52,10
26017,249,113,136
26018,4421,2520,1901
26019,633,417,216
26020,339,246,93
26021,3006,1673,1333
26022,138,116,22
26023,246,181,65
26024,107,95,12
26025,18,12,6
26026,333,288,45
26027,22,15,7
26028,112,98,14
26029,1,1,0
26030,7,7,0
26031,83,67,16
26032,4,3,1
26033,253,151,102
26034,872,446,426
26035,7,4,3
26036,6950,3642,3308
26037,50,36,14
26038,7,4,3
26039,16,11,5
26040,20,16,4
26041,84,67,17
26042,261,178,83
26043,96,47,49
26044,3,1,2
26045,51,32,19
26046,1585,1215,370
26047,524,196,328
26048,14,13,1
26049,101,71,30
26050,27,15,12
26051,81,70,11
26052,153,142,11
26053,88,76,12
26054,69,63,6
26055,1,1,0
26056,188,108,80
26057,40,19,21
26058,168,95,73
26059,745,599,146
26060,1,1,0
26061,899,462,437
26062,31,22,9
26063,53,44,9
26064,1990,1485,505
26065,40,38,2
26066,56,43,13
26067,13,8,5
26068,19,12,7
26069,26,21,5
26070,50,37,13
26071,3532,1691,1841
26072,36,25,11
26073,16,12,4
26074,6,5,1
26075,328,280,48
26076,57,50,7
26077,5,2,3
26078,73,63,10
26079,436,352,84
26080,112,82,30
26081,3,0,3
26082,9,4,5
26083,138,96,42
26084,1470,877,593
26086,2,1,1
26087,77,55,22
26088,7,4,3
26089,41842,19883,21959
26091,18,11,7
26092,127,110,17
26093,0,0,0
26094,31,29,2
26095,27,1,26
26096,93,82,11
26098,74,33,41
26099,298,234,64
26100,9,8,1
26101,3,3,0
26102,1511,735,776
26103,390,227,163
26104,0,0,0
26105,1118,579,539
26106,1,1,0
26107,22,10,12
26108,58,44,14
26109,12,9,3
26110,13,10,3
26111,302,178,124
26112,21,14,7
26113,1,1,0
26114,5,4,1
26115,0,0,0
26117,717,434,283
26118,2,1,1
26119,33,23,10
26120,669,442,227
26121,0,0,0
26122,29,21,8
26123,46,34,12
26124,170,153,17
26125,1429,966,463
26126,8,8,0
26127,66,46,20
26128,199,143,56
26129,1182,1013,169
26130,296,98,198
26131,42,34,8
26132,30,23,7
26134,16,5,11
26135,52,48,4
26136,4,4,0
26138,1815,751,1064
26139,7,7,0
26140,60,43,17
26141,12,11,1
26142,814,690,124
26143,108,95,13
26144,32,27,5
26145,215,180,35
26146,23,19,4
26147,26,23,3
26148,124,90,34
26149,3,2,1
26150,40,5,35
26151,96,62,34
26152,53,46,7
26153,0,0,0
26154,3,3,0
26155,48,43,5
26157,156,105,51
26158,287,249,38
26160,714,578,136
26161,0,0,0
26162,33,17,16
26163,52,36,16
26164,1,1,0
26165,139,108,31
26166,161,126,35
26167,16,12,4
26168,683,473,210
26169,20,7,13
26170,239,207,32
26171,45,33,12
26172,5,5,0
26173,0,0,0
26174,9,8,1
26175,6,3,3
26176,2,2,0
26177,41,30,11
26178,10,2,8
26179,7,6,1
26180,53,40,13
26181,5,5,0
26183,12,6,6
27001,393,253,140
27002,313,187,126
27003,198,110,88
27004,118,76,42
27005,647,393,254
27006,506,288,218
27007,1077,825,252
27008,238,165,73
27009,185,124,61
27010,733,345,388
27011,385,282,103
27012,166,72,94
27013,1088,789,299
27014,317,186,131
27015,419,216,203
27016,988,562,426
27017,135,87,48
27018,276,167,109
27019,1636,791,845
27020,263,176,87
27021,142,82,60
27022,1030,499,531
27023,208,152,56
27024,146,63,83
27025,619,362,257
27026,222,83,139
27027,301,174,127
27028,26294,12088,14206
27029,333,224,109
27030,670,306,364
27031,2881,1263,1618
27032,400,166,234
27033,73,39,34
27034,127,86,41
27035,21,14,7
27037,108,51,57
27038,197,140,57
27039,828,527,301
27040,511,317,194
27041,418,229,189
27042,137,91,46
27043,115,93,22
27044,262,162,100
27045,132,64,68
27046,140,102,38
27047,178,96,82
27048,258,165,93
27049,305,145,160
27050,649,417,232
27051,2110,907,1203
27052,57,32,25
27053,51,33,18
27054,148,94,54
27055,180,124,56
27056,428,230,198
27057,2615,1331,1284
27058,293,197,96
27059,240,163,77
27060,233,118,115
27061,149,111,38
27062,95,49,46
27063,229,90,139
27064,274,134,140
27065,2129,1088,1041
27066,5044,3071,1973
27901,298,157,141
27902,2281,1334,947
28001,588,272,316
28002,1802,1286,516
28003,1393,825,568
28004,1801,1182,619
28005,40536,22413,18123
28006,40288,21868,18420
28007,27775,15499,12276
28008,302,185,117
28009,4201,2791,1410
28010,1116,640,476
28011,128,70,58
28012,107,69,38
28013,11570,6425,5145
28014,14275,9278,4997
28015,5339,2782,2557
28016,164,78,86
28017,112,61,51
28018,507,338,169
28019,814,500,314
28020,500,384,116
28021,238,127,111
28022,11061,6394,4667
28023,753,448,305
28024,40,31,9
28025,157,98,59
28026,1750,813,937
28027,488,245,243
28028,580,308,272
28029,171,70,101
28030,400,142,258
28031,291,196,95
28032,2209,1660,549
28033,706,500,206
28034,298,165,133
28035,153,92,61
28036,1525,953,572
28037,299,129,170
28038,1485,562,923
28039,56,31,25
28040,5643,2597,3046
28041,2000,1138,862
28042,784,415,369
28043,1233,828,405
28044,682,430,252
28045,6957,3598,3359
28046,1931,975,956
28047,7397,4058,3339
28048,69,43,26
28049,19436,12637,6799
28050,479,277,202
28051,313,139,174
28052,1499,675,824
28053,2997,1938,1059
28054,1548,842,706
28055,226,141,85
28056,124,88,36
28057,210,77,133
28058,27409,16063,11346
28059,812,567,245
28060,427,242,185
28061,1927,1155,772
28062,41,23,18
28063,40,23,17
28064,36,24,12
28065,38193,25514,12679
28066,2115,1314,801
28067,691,450,241
28068,2256,883,1373
28069,40,16,24
28070,134,66,68
28071,94,37,57
28072,393,224,169
28073,4365,3038,1327
28074,29548,16101,13447
28075,3509,1950,1559
28076,2158,1256,902
28078,425,225,200
28079,1103251,557850,545401
28080,10755,5361,5394
28082,490,289,201
28083,4842,3175,1667
28084,3477,2571,906
28085,666,481,185
28086,573,345,228
28087,441,216,225
28088,72,29,43
28089,2245,1402,843
28090,955,492,463
28091,589,346,243
28092,21662,13385,8277
28093,287,156,131
28094,87,53,34
28095,228,144,84
28096,3125,1901,1224
28097,168,53,115
28099,191,112,79
28100,755,487,268
28101,38,22,16
28102,117,52,65
28104,2761,1883,878
28106,9631,5347,4284
28107,133,36,97
28108,519,335,184
28109,210,106,104
28110,133,67,66
28111,47,31,16
28112,24,13,11
28113,15184,8077,7107
28114,18,14,4
28115,29439,15384,14055
28116,61,41,20
28117,14,7,7
28118,20,12,8
28119,204,90,114
28120,660,441,219
28121,54,46,8
28122,53,33,20
28123,14536,8139,6397
28124,52,45,7
28125,347,189,158
28126,8,6,2
28127,22173,11583,10590
28128,82,41,41
28129,2798,1500,1298
28130,7122,4365,2757
28131,2377,1114,1263
28132,4169,2683,1486
28133,1194,532,662
28134,28052,14339,13713
28135,114,82,32
28136,52,32,20
28137,86,48,38
28138,12,6,6
28140,428,284,144
28141,834,461,373
28143,21,16,5
28144,702,395,307
28145,734,492,242
28146,189,92,97
28147,80,48,32
28148,24309,15500,8809
28149,1101,701,400
28150,508,371,137
28151,277,154,123
28152,6991,4114,2877
28153,195,127,68
28154,1192,714,478
28155,121,79,42
28156,122,91,31
28157,70,49,21
28158,43,27,16
28159,57,30,27
28160,1065,633,432
28161,10487,5992,4495
28162,284,174,110
28163,17,12,5
28164,284,182,102
28165,216,151,65
28166,58,45,13
28167,1345,945,400
28168,64,34,30
28169,119,83,36
28170,464,328,136
28171,798,357,441
28172,1429,774,655
28173,118,88,30
28174,208,128,80
28175,117,57,60
28176,2912,1402,1510
28177,1264,663,601
28178,229,127,102
28179,218,146,72
28180,1729,894,835
28181,5751,3578,2173
28182,19,12,7
28183,241,201,40
28901,181,90,91
28902,31,22,9
28903,18113,11422,6691
29001,5566,3220,2346
29002,670,328,342
29003,623,335,288
29004,213,95,118
29005,2096,861,1235
29006,342,238,104
29007,5244,3098,2146
29008,2223,1344,879
29009,600,224,376
29010,1484,924,560
29011,539,303,236
29012,3059,1731,1328
29013,620,337,283
29014,123,88,35
29015,29514,17505,12009
29016,191,82,109
29017,6064,4102,1962
29018,945,545,400
29019,554,156,398
29020,791,473,318
29021,133,75,58
29022,221,148,73
29023,2598,1666,932
29024,188,93,95
29025,19480,9054,10426
29026,608,273,335
29027,1271,638,633
29028,572,320,252
29029,246,141,105
29030,353,137,216
29031,1618,1152,466
29032,4965,3146,1819
29033,449,155,294
29034,265,115,150
29035,1091,619,472
29036,230,103,127
29037,179,124,55
29038,3449,2283,1166
29039,1092,717,375
29040,511,300,211
29041,1392,924,468
29042,3998,2539,1459
29043,1385,892,493
29044,357,158,199
29045,927,545,382
29046,934,604,330
29047,944,564,380
29048,790,424,366
29049,2389,1441,948
29050,202,95,107
29051,13994,7873,6121
29052,213,81,132
29053,632,314,318
29054,20004,9210,10794
29055,2550,1626,924
29056,389,266,123
29057,129,90,39
29058,291,120,171
29059,1925,1137,788
29060,1791,1133,658
29061,167,105,62
29062,512,240,272
29063,150,81,69
29064,184,87,97
29065,184,121,63
29066,254,103,151
29067,213642,110366,103276
29068,3436,1575,1861
29069,49913,25411,24502
29070,12905,6354,6551
29071,573,279,294
29072,3491,2211,1280
29073,572,326,246
29074,256,168,88
29075,6983,3661,3322
29076,458,329,129
29077,226,87,139
29079,1138,667,471
29080,2449,1738,711
29081,329,227,102
29082,4579,2113,2466
29083,1183,548,635
29084,12089,6483,5606
29085,77,30,47
29086,507,206,301
29087,154,69,85
29088,3888,2414,1474
29089,2653,1655,998
29090,644,334,310
29091,3953,2098,1855
29092,189,62,127
29093,747,327,420
29094,19418,8981,10437
29095,4986,3489,1497
29096,1980,1088,892
29097,3788,2403,1385
29098,1555,1000,555
29099,736,304,432
29100,754,462,292
29901,18723,9005,9718
29902,0,0,0
30001,3958,3149,809
30002,7480,5013,2467
30003,14365,8947,5418
30004,1093,583,510
30005,5414,3088,2326
30006,724,389,335
30007,3244,1187,2057
30008,10047,6730,3317
30009,7381,4567,2814
30010,2085,1513,572
30011,3837,2585,1252
30012,7752,4576,3176
30013,5107,3495,1612
30014,881,431,450
30015,4542,2976,1566
30016,87756,61591,26165
30017,2341,1333,1008
30018,3045,1569,1476
30019,15428,10610,4818
30020,1759,1251,508
30021,11449,9281,2168
30022,10040,6974,3066
30023,1146,885,261
30024,37609,26111,11498
30025,2138,1572,566
30026,15190,9304,5886
30027,14539,9338,5201
30028,3496,1416,2080
30029,3088,1979,1109
30030,144947,82906,62041
30031,90,67,23
30032,957,556,401
30033,3683,2368,1315
30034,133,69,64
30035,18691,13252,5439
30036,6742,3410,3332
30037,50346,40771,9575
30038,5172,3094,2078
30039,10653,6911,3742
30040,618,490,128
30041,2538,1515,1023
30042,521,351,170
30043,6518,4503,2015
30901,3954,2842,1112
30902,8575,5892,2683
31001,345,303,42
31002,74,43,31
31003,28,19,9
31004,6,6,0
31005,104,91,13
31006,413,300,113
31007,19,13,6
31008,13,10,3
31009,62,31,31
31010,1614,638,976
31011,99,53,46
31012,433,355,78
31013,112,51,61
31014,102,43,59
31015,884,361,523
31016,4247,876,3371
31017,9,6,3
31018,17,10,7
31019,1196,569,627
31020,168,60,108
31021,30,15,15
31022,54,30,24
31023,4409,2392,2017
31024,19,19,0
31025,76,29,47
31026,6,5,1
31027,592,518,74
31028,12,10,2
31029,354,198,156
31030,12,8,4
31031,28,27,1
31032,1556,785,771
31033,0,0,0
31034,16,8,8
31035,0,0,0
31036,118,96,22
31037,9,7,2
31038,271,159,112
31039,2,2,0
31040,2,1,1
31041,244,159,85
31042,1611,844,767
31043,0,0,0
31044,32,21,11
31045,258,191,67
31046,4,4,0
31047,15,7,8
31048,15,9,6
31049,70,41,29
31050,863,266,597
31051,31,27,4
31052,13,11,2
31053,70,53,17
31054,67,30,37
31055,168,54,114
31056,92,86,6
31057,808,507,301
31058,65,26,39
31059,38,30,8
31060,2191,724,1467
31061,9,7,2
31062,106,91,15
31063,11,10,1
31064,901,487,414
31065,625,427,198
31066,467,281,186
31067,356,164,192
31068,505,315,190
31069,197,102,95
31070,947,519,428
31071,2,1,1
31072,1873,820,1053
31073,73,24,49
31074,24,15,9
31075,4,2,2
31076,856,260,596
31077,2603,1542,1061
31078,672,311,361
31079,5,5,0
31080,80,54,26
31081,16,10,6
31082,208,64,144
31083,93,43,50
31084,323,188,135
31085,104,92,12
31086,2816,1699,1117
31087,182,47,135
31088,4873,3634,1239
31089,18,10,8
31090,21,14,7
31091,35,7,28
31092,213,56,157
31093,56,27,29
31094,28,17,11
31095,15,12,3
31096,6,2,4
31097,4617,1852,2765
31098,288,174,114
31099,19,18,1
31100,20,6,14
31101,492,390,102
31102,4,2,2
31103,10,10,0
31104,573,464,109
31105,386,291,95
31106,451,263,188
31107,961,471,490
31108,655,377,278
31109,3032,1426,1606
31110,50,9,41
31111,12,10,2
31112,4,3,1
31113,7,7,0
31114,42,28,14
31115,16,12,4
31116,5,4,1
31117,57,45,12
31118,6,5,1
31119,6,2,4
31120,74,41,33
31121,3,2,1
31122,6315,3681,2634
31123,341,179,162
31124,15,9,6
31125,11,6,5
31126,30,23,7
31127,15,10,5
31128,107,47,60
31129,15,6,9
31130,14,7,7
31131,257,160,97
31132,7,5,2
31133,7,6,1
31134,10,5,5
31135,35,9,26
31136,70,35,35
31137,19,9,10
31138,334,231,103
31139,12,11,1
31140,38,22,16
31141,15,12,3
31142,411,271,140
31143,6,3,3
31144,58,27,31
31145,56,39,17
31146,2,2,0
31147,81,17,64
31148,28,25,3
31149,477,281,196
31150,23,16,7
31151,5,5,0
31152,173,96,77
31153,527,413,114
31154,13,5,8
31155,225,209,16
31156,17,13,4
31157,1473,519,954
31158,24,5,19
31159,1024,558,466
31160,151,58,93
31161,26,21,5
31162,1,0,1
31163,1266,636,630
31164,407,236,171
31165,1728,946,782
31166,31,14,17
31167,116,80,36
31168,26,22,4
31169,1449,923,526
31170,2595,2060,535
31171,131,59,72
31172,59,30,29
31173,116,85,31
31174,7,5,2
31175,6,5,1
31176,472,356,116
31177,85,73,12
31178,34,29,5
31179,190,151,39
31180,32,8,24
31181,8,6,2
31182,9,5,4
31183,56,39,17
31184,13,8,5
31185,84,49,35
31186,16,3,13
31187,11,6,5
31188,51,27,24
31189,221,143,78
31190,20,17,3
31191,876,345,531
31192,144,98,46
31193,3260,2408,852
31194,202,145,57
31195,40,27,13
31196,0,0,0
31197,14,6,8
31198,12,5,7
31199,14,2,12
31200,294,77,217
31201,78577,36161,42416
31202,1620,918,702
31203,5,3,2
31204,4,3,1
31205,165,95,70
31206,597,304,293
31207,32,17,15
31208,854,483,371
31209,0,0,0
31210,105,21,84
31211,56,19,37
31212,31,21,10
31213,1,0,1
31214,23,16,7
31215,9818,3764,6054
31216,1550,738,812
31217,153,77,76
31219,3,2,1
31220,127,64,63
31221,379,149,230
31222,8,1,7
31223,162,80,82
31224,235,155,80
31225,6,4,2
31226,35,12,23
31227,5069,3064,2005
31228,71,54,17
31229,2,1,1
31230,17,16,1
31231,11,7,4
31232,9819,5166,4653
31233,23,9,14
31234,14,11,3
31235,36,21,15
31236,366,179,187
31237,6,6,0
31238,6,2,4
31239,231,100,131
31240,274,139,135
31241,6,5,1
31242,11,3,8
31243,30,13,17
31244,6,4,2
31245,4,4,0
31246,13,9,4
31247,5,4,1
31248,136,81,55
31249,794,415,379
31250,1545,683,862
31251,2054,1459,595
31252,3,3,0
31253,2,2,0
31254,1242,701,541
31255,48,42,6
31256,58,43,15
31257,902,384,518
31258,1331,563,768
31259,31,21,10
31260,128,89,39
31261,242,142,100
31262,5,2,3
31263,20,15,5
31264,47,19,28
31265,5,3,2
31901,1056,461,595
31902,2376,1625,751
31903,2128,814,1314
31904,753,498,255
31905,1538,1037,501
31906,10715,8731,1984
31907,949,414,535
31908,547,362,185
32001,747,322,425
32002,485,274,211
32003,345,159,186
32004,161,87,74
32005,68,32,36
32006,249,92,157
32007,181,103,78
32008,1429,546,883
32009,1757,799,958
32010,152,76,76
32011,71,32,39
32012,82,47,35
32013,187,142,45
32014,37,22,15
32015,95,61,34
32016,47,28,19
32017,956,665,291
32018,104,60,44
32019,1919,1031,888
32020,88,60,28
32021,113,41,72
32022,102,68,34
32023,134,67,67
32024,1418,648,770
32025,429,190,239
32026,297,205,92
32027,137,120,17
32028,76,54,22
32029,19,15,4
32030,96,47,49
32031,46,22,24
32032,1138,516,622
32033,65,47,18
32034,184,100,84
32035,115,59,56
32036,73,43,30
32037,33,20,13
32038,155,47,108
32039,75,38,37
32040,520,319,201
32041,44,28,16
32042,224,124,100
32043,264,110,154
32044,132,48,84
32045,285,163,122
32046,100,63,37
32047,133,98,35
32048,188,104,84
32049,27,19,8
32050,209,116,93
32051,97,61,36
32052,1212,611,601
32053,114,66,48
32054,24848,10996,13852
32055,89,57,32
32056,144,94,50
32057,85,51,34
32058,1633,916,717
32059,219,80,139
32060,49,28,21
32061,151,104,47
32062,32,20,12
32063,623,293,330
32064,87,67,20
32065,17,12,5
32066,37,21,16
32067,131,49,82
32068,98,32,66
32069,903,419,484
32070,37,14,23
32071,150,90,60
32072,1381,753,628
32073,164,85,79
32074,95,56,39
32075,3795,2491,1304
32076,147,96,51
32077,82,50,32
32078,71,35,36
32079,194,125,69
32080,28,18,10
32081,251,160,91
32082,58,32,26
32083,111,71,40
32084,51,42,9
32085,1889,872,1017
32086,273,115,158
32087,260,164,96
32088,559,238,321
32089,132,66,66
32090,92,40,52
32091,99,48,51
32092,62,33,29
33001,345,222,123
33002,888,445,443
33003,105,48,57
33004,24724,14671,10053
33005,390,212,178
33006,90,49,41
33007,122,59,63
33008,368,136,232
33009,65,37,28
33010,272,212,60
33011,1455,713,742
33012,2120,795,1325
33013,173,78,95
33014,2827,1807,1020
33015,71,18,53
33016,4086,2409,1677
33017,577,421,156
33018,349,206,143
33019,1075,451,624
33020,2731,1315,1416
33021,956,545,411
33022,194,155,39
33023,317,162,155
33024,72174,34411,37763
33025,3670,1680,1990
33026,1226,500,726
33027,99,41,58
33028,110,61,49
33029,24,18,6
33030,127,44,83
33031,6990,2912,4078
33032,970,379,591
33033,1405,817,588
33034,1363,686,677
33035,11333,5349,5984
33036,3985,1681,2304
33037,5476,2478,2998
33038,524,310,214
33039,353,214,139
33040,1020,561,459
33041,1980,1027,953
33042,968,482,486
33043,234,90,144
33044,66762,26425,40337
33045,2533,827,1706
33046,65,38,27
33047,181,87,94
33048,24,17,7
33049,1773,802,971
33050,56,21,35
33051,1066,522,544
33052,121,65,56
33053,82,33,49
33054,147,54,93
33055,427,200,227
33056,1733,870,863
33057,243,149,94
33058,98,46,52
33059,590,297,293
33060,1680,647,1033
33061,54,16,38
33062,66,32,34
33063,55,19,36
33064,28,13,15
33065,243,180,63
33066,15946,9481,6465
33067,77,55,22
33068,71,39,32
33069,609,386,223
33070,653,281,372
33071,138,66,72
33072,160,74,86
33073,1181,591,590
33074,437,200,237
33075,39,14,25
33076,3609,1778,1831
33077,111,61,50
33078,6,4,2
34001,25,11,14
34003,15,14,1
34004,8406,4398,4008
34005,357,131,226
34006,17,14,3
34009,0,0,0
34010,130,74,56
34011,61,50,11
34012,20,15,5
34015,7,6,1
34017,135,71,64
34018,40,13,27
34019,26,22,4
34020,3,3,0
34022,383,221,162
34023,3909,2282,1627
34024,7,4,3
34025,15,5,10
34027,228,82,146
34028,16,12,4
34029,108,85,23
34031,8,8,0
34032,2,0,2
34033,4,4,0
34034,19,10,9
34035,6,5,1
34036,22,14,8
34037,62,33,29
34038,27,22,5
34039,0,0,0
34041,11,5,6
34042,29,22,7
34045,5,4,1
34046,5,3,2
34047,1035,367,668
34048,13,13,0
34049,40,29,11
34050,27,22,5
34051,3,1,2
34052,14,2,12
34053,25,23,2
34055,22,17,5
34056,708,225,483
34057,182,43,139
34058,20,14,6
34059,69,47,22
34060,28,23,5
34061,3,2,1
34062,15,12,3
34063,61,55,6
34066,6,3,3
34067,2,2,0
34068,3,3,0
34069,1895,1260,635
34070,40,32,8
34071,14,7,7
34072,5,4,1
34073,31,24,7
34074,143,68,75
34076,93,76,17
34077,189,134,55
34079,213,150,63
34080,830,370,460
34081,13,12,1
34082,4,3,1
34083,324,182,142
34084,30,27,3
34086,14,11,3
34087,12,6,6
34088,21,18,3
34089,16,10,6
34091,9,4,5
34092,85,71,14
34093,15,11,4
34094,7,3,4
34096,4,2,2
34098,140,112,28
34099,6,3,3
34100,29,28,1
34101,6,5,1
34102,24,19,5
34103,3,3,0
34104,31,25,6
34106,17,14,3
34107,2,1,1
34108,101,68,33
34109,4,3,1
34110,1,1,0
34112,3,0,3
34113,3,1,2
34114,34,20,14
34116,5,4,1
34120,21472,9347,12125
34121,36,33,3
34122,13,8,5
34123,155,111,44
34124,5,4,1
34125,14,13,1
34126,32,31,1
34127,69,27,42
34129,8,7,1
34130,26,20,6
34131,4,4,0
34132,17,12,5
34133,13,6,7
34134,3,3,0
34135,59,42,17
34136,8,5,3
34137,4,4,0
34139,10,7,3
34140,5,4,1
34141,38,17,21
34143,6,6,0
34146,26,20,6
34147,19,16,3
34149,4,2,2
34151,10,7,3
34152,13,11,2
34154,4,2,2
34155,28,24,4
34156,0,0,0
34157,664,453,211
34158,83,18,65
34159,118,58,60
34160,8,5,3
34161,0,0,0
34163,2,2,0
34165,3,3,0
34167,10,7,3
34168,2,1,1
34169,42,32,10
34170,3,1,2
34171,138,63,75
34174,13,8,5
34175,7,6,1
34176,12,2,10
34177,30,23,7
34178,8,7,1
34179,0,0,0
34180,12,8,4
34181,54,40,14
34182,231,124,107
34184,30,3,27
34185,2,0,2
34186,5,5,0
34189,6,4,2
34190,8,6,2
34192,15,12,3
34196,12,11,1
34199,545,374,171
34201,12,10,2
34202,6,6,0
34204,3,2,1
34205,3,3,0
34206,150,93,57
34208,14,13,1
34210,9,7,2
34211,33,26,7
34213,5,5,0
34214,14,13,1
34215,43,30,13
34216,3,3,0
34217,152,91,61
34218,45,32,13
34220,26,25,1
34221,16,15,1
34222,4,0,4
34223,12,9,3
34224,21,19,2
34225,3354,2215,1139
34227,3,2,1
34228,8,8,0
34229,6,4,2
34230,3,1,2
34231,24,18,6
34232,62,34,28
34233,12,6,6
34234,2,2,0
34236,5,4,1
34237,68,53,15
34238,278,52,226
34240,22,16,6
34241,2,2,0
34242,48,34,14
34243,43,31,12
34245,28,16,12
34246,12,10,2
34901,228,134,94
34902,24,22,2
34903,17,13,4
34904,48,38,10
35001,876,564,312
35002,6759,4070,2689
35003,4526,2248,2278
35004,14797,7794,7003
35005,147,76,71
35006,3009,1774,1235
35007,150,87,63
35008,1032,687,345
35009,2798,1538,1260
35010,660,414,246
35011,3396,2064,1332
35012,13398,6976,6422
35013,609,370,239
35014,6683,3326,3357
35015,13382,6974,6408
35016,115873,59766,56107
35017,11361,5952,5409
35018,3465,2056,1409
35019,39003,18338,20665
35020,1279,698,581
35021,2001,1007,994
35022,7634,3529,4105
35023,1520,818,702
35024,6681,2728,3953
35025,492,295,197
35026,20512,10916,9596
35027,1055,602,453
35028,9997,4450,5547
35029,757,443,314
35030,2714,1624,1090
35031,889,506,383
35032,301,172,129
35033,687,390,297
35034,11282,5898,5384
36001,386,188,198
36002,489,341,148
36003,2451,1056,1395
36004,2968,1970,998
36005,8707,6465,2242
36006,4986,2262,2724
36007,221,117,104
36008,3971,2056,1915
36009,655,427,228
36010,671,292,379
36011,154,64,90
36012,272,170,102
36013,155,76,79
36014,202,109,93
36015,386,180,206
36016,84,61,23
36017,2070,1067,1003
36018,422,224,198
36019,187,67,120
36020,180,118,62
36021,1773,1211,562
36022,7162,2839,4323
36023,1728,1009,719
36024,3317,1905,1412
36025,157,97,60
36026,13174,10100,3074
36027,1444,911,533
36028,981,683,298
36029,6350,4179,2171
36030,418,224,194
36031,1040,381,659
36032,502,283,219
36033,4422,2548,1874
36034,443,284,159
36035,2642,1220,1422
36036,458,254,204
36037,258,135,123
36038,24853,11219,13634
36039,13765,6669,7096
36040,232,134,98
36041,2133,1041,1092
36042,3315,1518,1797
36043,557,299,258
36044,1115,623,492
36045,8692,5753,2939
36046,1585,773,812
36047,221,136,85
36048,1485,697,788
36049,1191,597,594
36050,3561,1301,2260
36051,8594,3935,4659
36052,1723,823,900
36053,670,330,340
36054,2268,1310,958
36055,3417,1834,1583
36056,871,619,252
36057,99783,50261,49522
36058,1097,507,590
36059,392,206,186
36060,7806,4729,3077
36061,2085,922,1163
36901,520,199,321
37001,39,20,19
37002,90,75,15
37003,8,5,3
37004,17,10,7
37005,18,9,9
37006,19,12,7
37007,125,43,82
37008,726,423,303
37009,16,13,3
37010,543,329,214
37011,12,9,3
37012,79,64,15
37013,3,2,1
37014,183,109,74
37015,14,13,1
37016,22,12,10
37017,19,10,9
37018,4,3,1
37019,7,6,1
37020,93,69,24
37021,6,5,1
37022,25,13,12
37023,294,182,112
37024,9,5,4
37025,59,8,51
37026,14,10,4
37027,22,16,6
37028,9,5,4
37029,13,8,5
37030,7,2,5
37031,58,44,14
37032,44,32,12
37033,6,6,0
37034,4,2,2
37035,42,17,25
37036,5,5,0
37037,13,9,4
37038,141,75,66
37039,19,16,3
37040,20,15,5
37041,1,1,0
37042,1,1,0
37044,35,29,6
37045,2,1,1
37046,1595,838,757
37047,98,17,81
37049,9,8,1
37050,1,1,0
37051,3,3,0
37052,27,24,3
37054,44,36,8
37055,11,9,2
37056,3,3,0
37057,19,5,14
37058,2,2,0
37059,62,34,28
37060,62,56,6
37061,29,18,11
37062,6,6,0
37063,6,5,1
37065,9,9,0
37067,264,140,124
37068,38,31,7
37069,162,116,46
37070,34,18,16
37071,4,3,1
37072,18,14,4
37073,80,40,40
37074,4,4,0
37077,18,13,5
37078,819,733,86
37079,4,3,1
37080,59,28,31
37081,106,77,29
37082,115,82,33
37083,27,20,7
37085,2051,939,1112
37086,11,10,1
37087,44,33,11
37088,6,4,2
37089,5,4,1
37090,5,5,0
37091,19,8,11
37092,275,226,49
37096,39,35,4
37097,6,5,1
37098,11,2,9
37099,3,2,1
37100,6,5,1
37101,8,4,4
37102,37,22,15
37103,54,39,15
37104,1,1,0
37106,39,31,8
37107,2450,1044,1406
37108,10,8,2
37109,9,5,4
37110,138,26,112
37112,5,5,0
37113,8,1,7
37114,4,3,1
37115,10,4,6
37116,8,7,1
37117,942,844,98
37118,21,18,3
37119,8,8,0
37120,33,11,22
37121,47,30,17
37122,7,7,0
37123,3,3,0
37124,33,13,20
37125,27,13,14
37126,14,11,3
37127,48,32,16
37128,14,10,4
37129,22,13,9
37130,12,10,2
37131,20,12,8
37132,20,13,7
37133,5,2,3
37134,15,8,7
37135,115,50,65
37136,133,69,64
37137,19,9,10
37138,75,62,13
37139,147,139,8
37140,141,74,67
37141,21,17,4
37142,46,33,13
37143,21,10,11
37144,17,9,8
37145,36,25,11
37146,8,5,3
37147,17,15,2
37148,93,85,8
37149,4,4,0
37150,3,2,1
37151,10,9,1
37152,60,27,33
37154,7,7,0
37155,23,12,11
37156,2420,1861,559
37157,4,3,1
37158,13,9,4
37159,4,4,0
37160,96,41,55
37161,13,7,6
37162,27,17,10
37163,37,20,17
37164,392,373,19
37165,6,3,3
37166,14,12,2
37167,68,64,4
37168,87,67,20
37169,27,15,12
37170,260,142,118
37171,63,42,21
37172,69,47,22
37173,85,45,40
37174,193,81,112
37175,108,85,23
37176,9,4,5
37177,73,71,2
37178,8,7,1
37179,14,11,3
37180,1,1,0
37181,22,14,8
37182,78,44,34
37183,55,39,16
37184,92,70,22
37185,47,25,22
37186,8,7,1
37187,54,32,22
37188,29,20,9
37189,3,2,1
37190,14,11,3
37191,5,5,0
37192,58,21,37
37193,97,69,28
37194,37,24,13
37195,6,3,3
37196,2,2,0
37197,13,10,3
37198,24,17,7
37199,9,6,3
37200,38,28,10
37201,20,14,6
37202,53,24,29
37203,4,3,1
37204,22,20,2
37205,129,35,94
37206,9,4,5
37207,14,8,6
37208,1,0,1
37209,383,252,131
37211,6,4,2
37212,11,7,4
37213,9,9,0
37214,36,17,19
37215,8,3,5
37216,45,36,9
37217,4,3,1
37218,3,2,1
37219,8,5,3
37221,52,39,13
37222,4,4,0
37223,12,11,1
37224,4,4,0
37225,5,4,1
37226,4,2,2
37228,42,22,20
37229,26,24,2
37230,26,12,14
37231,9,6,3
37232,34,18,16
37233,5,3,2
37234,40,30,10
37235,28,11,17
37236,13,9,4
37237,41,38,3
37238,42,23,19
37239,21,16,5
37240,295,196,99
37241,5,3,2
37242,14,9,5
37243,3,3,0
37244,8,5,3
37245,25,16,9
37246,1048,551,497
37247,22,14,8
37248,23,21,2
37249,4,4,0
37250,69,30,39
37251,7,6,1
37252,7,7,0
37253,13,2,11
37254,8,3,5
37255,6,4,2
37256,16,10,6
37257,2,1,1
37258,8,4,4
37259,1,1,0
37260,11,8,3
37261,5,4,1
37262,1,1,0
37263,58,37,21
37264,5,3,2
37265,38,29,9
37266,1,1,0
37267,23,12,11
37268,4,3,1
37269,97,68,29
37270,28,22,6
37271,27,17,10
37272,10,6,4
37273,1,0,1
37274,44562,19657,24905
37275,12,9,3
37276,11,7,4
37277,18,14,4
37278,47,26,21
37279,79,64,15
37280,5,4,1
37281,2,2,0
37282,47,43,4
37283,8,8,0
37284,72,28,44
37285,48,33,15
37286,30,13,17
37287,147,88,59
37288,41,22,19
37289,19,16,3
37290,13,12,1
37291,16,14,2
37292,7,6,1
37293,3,2,1
37294,3139,1378,1761
37296,16,12,4
37297,30,15,15
37298,13,6,7
37299,44,34,10
37300,89,59,30
37301,6,4,2
37302,82,58,24
37303,25,16,9
37304,8,6,2
37305,13,12,1
37306,34,27,7
37307,21,16,5
37309,1,0,1
37310,8,5,3
37311,17,12,5
37312,104,81,23
37313,66,33,33
37314,8,8,0
37315,15,11,4
37316,80,44,36
37317,40,29,11
37318,4,4,0
37319,7,7,0
37320,9,9,0
37321,5,5,0
37322,137,74,63
37323,124,93,31
37324,23,13,10
37325,6,2,4
37327,6,2,4
37328,115,44,71
37329,1,0,1
37330,86,67,19
37331,6,5,1
37332,11,10,1
37333,12,8,4
37334,10,8,2
37335,127,101,26
37336,10,9,1
37337,13,13,0
37338,26,18,8
37339,38,36,2
37340,3,3,0
37341,16,11,5
37342,579,280,299
37343,130,89,41
37344,43,26,17
37345,97,22,75
37346,18,11,7
37347,47,25,22
37348,34,27,7
37349,4,4,0
37350,52,33,19
37351,24,16,8
37352,48,32,16
37353,5,2,3
37354,3156,1418,1738
37355,7,5,2
37356,6,6,0
37357,36,30,6
37358,25,23,2
37359,12,10,2
37360,10,8,2
37361,3,0,3
37362,1860,1347,513
37363,4,2,2
37364,139,79,60
37365,41,20,21
37366,2,0,2
37367,4,2,2
37368,2,2,0
37369,16,12,4
37370,16,14,2
37371,34,32,2
37372,51,16,35
37373,72,54,18
37374,129,86,43
37375,86,54,32
37376,412,210,202
37377,12,10,2
37378,6,2,4
37379,25,19,6
37380,12,10,2
37381,3,3,0
37382,46,26,20
38001,32609,15638,16971
38002,284,186,98
38003,394,220,174
38004,1039,709,330
38005,1671,1075,596
38006,28642,12966,15676
38007,302,185,117
38008,801,477,324
38009,1290,559,731
38010,766,421,345
38011,3709,1998,1711
38012,376,205,171
38013,500,281,219
38014,1208,667,541
38015,557,307,250
38016,247,126,121
38017,9326,4992,4334
38018,472,282,190
38019,5924,2909,3015
38020,3721,2067,1654
38021,601,373,228
38022,2650,1390,1260
38023,28220,13566,14654
38024,3590,1837,1753
38025,907,553,354
38026,7459,3659,3800
38027,829,453,376
38028,15655,6277,9378
38029,295,121,174
38030,308,184,124
38031,3758,2443,1315
38032,2234,1486,748
38033,421,268,153
38034,339,198,141
38035,6946,3148,3798
38036,2523,1386,1137
38037,3295,1456,1839
38038,66994,32266,34728
38039,1280,747,533
38040,3712,1481,2231
38041,995,485,510
38042,531,272,259
38043,3419,2205,1214
38044,227,149,78
38045,650,369,281
38046,1169,818,351
38047,358,206,152
38048,1403,826,577
38049,846,460,386
38050,449,259,190
38051,681,435,246
38052,251,133,118
38053,825,498,327
38901,0,0,0
39001,264,117,147
39002,607,284,323
39003,9,3,6
39004,148,104,44
39005,261,137,124
39006,1009,490,519
39007,106,30,76
39008,4510,2418,2092
39009,857,554,303
39010,50,29,21
39011,323,175,148
39012,2246,1066,1180
39013,67,45,22
39014,420,92,328
39015,297,115,182
39016,7176,4374,2802
39017,129,47,82
39018,1654,1201,453
39019,149,101,48
39020,5826,2281,3545
39021,17,9,8
39022,65,38,27
39023,1400,484,916
39024,1417,611,806
39025,3127,2169,958
39026,277,176,101
39027,214,142,72
39028,361,184,177
39029,67,41,26
39030,481,306,175
39031,175,91,84
39032,434,254,180
39033,40,16,24
39034,14,6,8
39035,3689,1603,2086
39036,145,85,60
39037,495,122,373
39038,428,110,318
39039,9,8,1
39040,1420,803,617
39041,116,86,30
39042,2986,1592,1394
39043,400,268,132
39044,492,295,197
39045,6,5,1
39046,93,47,46
39047,1886,834,1052
39048,356,224,132
39049,60,34,26
39050,13,8,5
39051,6,4,2
39052,2739,1724,1015
39053,14,10,4
39054,634,516,118
39055,410,136,274
39056,1045,456,589
39057,429,197,232
39058,54,35,19
39059,3226,1164,2062
39060,1275,959,316
39061,744,375,369
39062,223,134,89
39063,378,87,291
39064,93,64,29
39065,9,6,3
39066,88,41,47
39067,32,15,17
39068,151,75,76
39069,1235,913,322
39070,20,17,3
39071,12,7,5
39072,20,13,7
39073,2933,1122,1811
39074,4373,1792,2581
39075,61418,26768,34650
39076,1039,338,701
39077,100,78,22
39078,119,89,30
39079,5252,2158,3094
39080,1896,718,1178
39081,36,17,19
39082,129,48,81
39083,66,34,32
39084,42,25,17
39085,2793,948,1845
39086,60,40,20
39087,9905,3958,5947
39088,15,8,7
39089,13,8,5
39090,27,23,4
39091,310,168,142
39092,109,72,37
39093,23,10,13
39094,244,108,136
39095,740,200,540
39096,49,26,23
39097,81,26,55
39098,245,115,130
39099,359,197,162
39100,30,20,10
39101,20,7,13
39102,484,254,230
40001,75,42,33
40002,4,1,3
40003,10,5,5
40004,85,47,38
40005,4,4,0
40006,9,3,6
40007,15,11,4
40008,3,1,2
40009,1,1,0
40010,101,74,27
40012,18,12,6
40013,10,9,1
40014,2,2,0
40015,2,2,0
40016,2,1,1
40017,22,18,4
40018,4,4,0
40019,3,3,0
40020,29,20,9
40021,1,0,1
40022,12,12,0
40024,233,86,147
40025,23,17,6
40026,13,8,5
40028,6,4,2
40029,2,2,0
40030,49,31,18
40031,66,56,10
40032,139,80,59
40033,43,38,5
40034,15,13,2
40035,10,7,3
40036,122,67,55
40037,4,1,3
40039,90,41,49
40040,427,210,217
40041,140,82,58
40043,630,165,465
40044,29,22,7
40045,12,8,4
40046,41,24,17
40047,5,3,2
40048,1,1,0
40049,4,2,2
40051,4,4,0
40052,3,3,0
40053,41,25,16
40054,48,34,14
40055,2,1,1
40056,1,1,0
40057,445,253,192
40058,24,20,4
40059,13,10,3
40060,12,10,2
40061,9,7,2
40062,8,6,2
40063,2624,1329,1295
40065,583,215,368
40068,13,11,2
40069,9,6,3
40070,12,9,3
40071,3,3,0
40072,12,10,2
40073,35,24,11
40074,35,30,5
40075,28,12,16
40076,3757,1925,1832
40077,145,71,74
40078,34,30,4
40079,32,19,13
40080,19,11,8
40081,4,3,1
40082,50,41,9
40083,600,87,513
40084,2,2,0
40086,166,103,63
40087,2,1,1
40088,42,34,8
40089,37,22,15
40091,3,3,0
40092,17,10,7
40093,5,5,0
40094,32,20,12
40095,277,125,152
40097,60,30,30
40099,139,137,2
40100,57,32,25
40101,49,32,17
40103,35,30,5
40104,24,19,5
40105,11,9,2
40106,17,11,6
40107,14,5,9
40108,2,2,0
40109,8,6,2
40110,41,30,11
40111,44,38,6
40112,1544,700,844
40113,50,17,33
40115,22,16,6
40118,0,0,0
40119,5,5,0
40120,7,5,2
40121,36,24,12
40122,102,69,33
40123,28,23,5
40124,37,31,6
40125,11,3,8
40126,4,4,0
40127,1,1,0
40128,15,13,2
40129,43,33,10
40130,20,16,4
40131,3,3,0
40132,7,5,2
40134,383,164,219
40135,25,20,5
40136,13,10,3
40138,558,230,328
40139,45,19,26
40140,5,5,0
40141,736,162,574
40142,10,8,2
40143,20,7,13
40144,6,2,4
40145,124,77,47
40146,32,26,6
40148,68,50,18
40149,87,58,29
40150,4,3,1
40151,5,4,1
40152,305,115,190
40154,3,3,0
40155,925,496,429
40156,435,293,142
40157,1,1,0
40158,0,0,0
40159,25,21,4
40160,13,12,1
40161,33,26,7
40162,90,49,41
40163,2,2,0
40164,72,52,20
40165,1,1,0
40166,76,52,24
40168,1,1,0
40170,337,195,142
40171,9,9,0
40172,6,2,4
40173,8,6,2
40174,69,37,32
40176,69,40,29
40177,12,7,5
40178,4,3,1
40179,896,393,503
40180,28,14,14
40181,2862,1437,1425
40182,858,412,446
40183,22,15,7
40184,60,18,42
40185,172,107,65
40186,3,1,2
40188,6,3,3
40189,92,60,32
40190,16,9,7
40191,88,55,33
40192,14,12,2
40193,56,27,29
40194,15649,7083,8566
40195,173,76,97
40196,18,11,7
40198,3,2,1
40199,19,13,6
40200,45,23,22
40201,12,10,2
40202,2,2,0
40203,411,208,203
40204,13,9,4
40205,34,21,13
40206,16,9,7
40207,155,64,91
40208,130,84,46
40210,34,9,25
40211,9,6,3
40212,8,2,6
40213,3,2,1
40214,27,22,5
40215,65,53,12
40216,2573,1643,930
40218,7,6,1
40219,210,169,41
40220,5,4,1
40221,3,2,1
40222,28,22,6
40223,36,20,16
40224,1,1,0
40225,270,181,89
40228,51,40,11
40229,0,0,0
40230,11,5,6
40231,10,9,1
40233,21,12,9
40234,23,18,5
40901,95,42,53
40902,9,6,3
40903,6,6,0
40904,96,52,44
40905,4,4,0
40906,88,45,43
41001,2487,1613,874
41002,896,529,367
41003,528,354,174
41004,23664,16319,7345
41005,3798,2223,1575
41006,2176,896,1280
41007,2601,1781,820
41008,1208,615,593
41009,1015,697,318
41010,1209,633,576
41011,10691,5765,4926
41012,5982,2810,3172
41013,2091,1305,786
41014,2312,1374,938
41015,4192,2726,1466
41016,6000,3181,2819
41017,4782,2316,2466
41018,11955,6295,5660
41019,1286,685,601
41020,9311,4987,4324
41021,5754,3299,2455
41022,2359,1312,1047
41023,5591,3006,2585
41024,13102,8358,4744
41025,1266,764,502
41026,3997,2431,1566
41027,953,465,488
41028,323,169,154
41029,5630,2284,3346
41030,317,191,126
41031,511,280,231
41032,2049,1262,787
41033,2993,1858,1135
41034,6284,3642,2642
41035,693,329,364
41036,2545,1364,1181
41037,2199,1235,964
41038,34294,21538,12756
41039,28936,17133,11803
41040,3310,1731,1579
41041,11326,7042,4284
41042,3084,1908,1176
41043,216,111,105
41044,1277,818,459
41045,3299,1733,1566
41046,2689,1586,1103
41047,2621,1273,1348
41048,1610,1003,607
41049,2219,1428,791
41050,4268,2599,1669
41051,1490,747,743
41052,2106,1172,934
41053,16246,8372,7874
41054,739,435,304
41055,23693,14163,9530
41056,2880,1918,962
41057,87,56,31
41058,5472,3113,2359
41059,16597,8986,7611
41060,9724,6202,3522
41061,1505,887,618
41062,1951,1100,851
41063,1202,796,406
41064,2854,1534,1320
41065,13940,9034,4906
41066,734,470,264
41067,1603,1141,462
41068,12023,7596,4427
41069,17895,8281,9614
41070,1141,681,460
41071,4338,2488,1850
41072,2554,1393,1161
41073,696,421,275
41074,2882,1660,1222
41075,4405,2427,1978
41076,2136,1106,1030
41077,6310,3537,2773
41078,2195,1138,1057
41079,2391,1282,1109
41080,419,281,138
41081,24435,13976,10459
41082,4066,2688,1378
41083,429,299,130
41084,2022,1231,791
41085,1528,1051,477
41086,5325,2898,2427
41087,5826,3922,1904
41088,258,197,61
41089,1423,905,518
41090,2866,1702,1164
41091,288816,154712,134104
41092,5517,2440,3077
41093,7511,4529,2982
41094,1781,1096,685
41095,19187,10745,8442
41096,3413,2196,1217
41097,3628,2028,1600
41098,804,445,359
41099,765,426,339
41100,552,321,231
41101,3293,1889,1404
41102,5431,3374,2057
41901,2036,893,1143
41902,2794,1464,1330
41903,2738,1798,940
42001,171,96,75
42003,1,1,0
42004,760,480,280
42006,22,18,4
42007,7,3,4
42008,24,21,3
42009,18,18,0
42010,4,2,2
42011,0,0,0
42012,8,6,2
42013,3,2,1
42014,5,2,3
42015,2,2,0
42016,1,1,0
42017,12,8,4
42018,9,6,3
42019,113,50,63
42020,1205,729,476
42021,3,1,2
42022,21,14,7
42023,5,3,2
42024,4,3,1
42025,552,393,159
42026,3,3,0
42027,22,19,3
42028,4,4,0
42029,27,23,4
42030,5,3,2
42031,0,0,0
42032,32,27,5
42033,1,0,1
42034,2,1,1
42035,160,70,90
42036,3,1,2
42037,1,1,0
42038,0,0,0
42039,24,17,7
42041,0,0,0
42042,24,18,6
42043,1975,655,1320
42044,2,1,1
42045,89,65,24
42046,62,19,43
42048,4,2,2
42049,16,12,4
42050,0,0,0
42051,1,1,0
42052,0,0,0
42053,0,0,0
42054,6,6,0
42055,7,4,3
42056,4,3,1
42057,67,56,11
42058,30,23,7
42059,3,3,0
42060,2,2,0
42061,48,37,11
42062,1,1,0
42063,7,2,5
42064,5,4,1
42065,0,0,0
42068,7,4,3
42069,143,63,80
42070,3,3,0
42071,19,12,7
42073,5,4,1
42075,3,0,3
42076,17,13,4
42078,132,55,77
42079,3,3,0
42080,15,12,3
42081,11,7,4
42082,1,1,0
42083,3,3,0
42084,2,2,0
42085,31,29,2
42086,9,6,3
42087,7,5,2
42088,2,2,0
42089,0,0,0
42090,2,1,1
42092,12,4,8
42093,2,2,0
42094,487,289,198
42095,383,153,230
42096,55,33,22
42097,6,4,2
42098,6,5,1
42100,5,4,1
42103,87,60,27
42105,11,11,0
42106,1,0,1
42107,7,4,3
42108,6,4,2
42110,30,23,7
42111,31,18,13
42113,243,143,100
42115,5,2,3
42116,1,1,0
42117,65,36,29
42118,0,0,0
42119,38,22,16
42120,34,25,9
42121,0,0,0
42123,43,18,25
42124,16,14,2
42125,5,4,1
42127,4,4,0
42128,1,1,0
42129,134,81,53
42130,10,10,0
42131,7,4,3
42132,23,18,5
42134,1201,781,420
42135,9,6,3
42139,0,0,0
42140,11,4,7
42141,6,6,0
42142,4,2,2
42144,78,49,29
42145,59,50,9
42148,3,3,0
42149,183,77,106
42151,3,1,2
42152,3,3,0
42153,6,6,0
42154,8,6,2
42155,31,17,14
42156,4,2,2
42157,7,5,2
42158,15,11,4
42159,1,1,0
42160,85,17,68
42161,16,4,12
42162,581,380,201
42163,12,10,2
42164,318,175,143
42165,147,56,91
42166,9,4,5
42167,41,21,20
42168,9,6,3
42171,13,9,4
42172,3,0,3
42173,12072,6211,5861
42174,31,18,13
42175,21,20,1
42176,2,2,0
42177,2,2,0
42178,8,6,2
42181,57,39,18
42182,1,1,0
42183,9,5,4
42184,0,0,0
42185,1,1,0
42187,6,6,0
42188,7,4,3
42189,56,33,23
42190,32,22,10
42191,31,10,21
42192,3,2,1
42193,3,1,2
42194,4,4,0
42195,5,4,1
42196,0,0,0
42197,4,4,0
42198,2,1,1
42200,35,29,6
42201,7,4,3
42202,0,0,0
42204,2,2,0
42205,7,4,3
42206,1,0,1
42207,2,2,0
42208,5,3,2
42209,19,8,11
42211,3,2,1
42212,6,6,0
42213,1,0,1
42215,164,57,107
42216,3,2,1
42217,7,4,3
42218,15,10,5
42219,4,4,0
43001,313,226,87
43002,341,235,106
43003,28,11,17
43004,2080,1240,840
43005,1326,996,330
43006,167,111,56
43007,34,22,12
43008,41,32,9
43009,105,34,71
43010,204,161,43
43011,120,95,25
43012,816,374,442
43013,1853,1004,849
43014,12246,8933,3313
43015,6,1,5
43016,1046,671,375
43017,8,7,1
43018,146,53,93
43019,2013,1574,439
43020,273,146,127
43021,130,106,24
43022,312,196,116
43023,77,60,17
43024,784,592,192
43025,149,109,40
43026,638,513,125
43027,77,67,10
43028,468,283,185
43029,48,38,10
43030,41,29,12
43031,190,116,74
43032,45,29,16
43033,121,86,35
43034,235,174,61
43035,45,38,7
43036,107,89,18
43037,3037,1529,1508
43038,8186,3968,4218
43039,8,6,2
43040,64,49,15
43041,10,5,5
43042,145,96,49
43043,720,596,124
43044,718,378,340
43045,7,5,2
43046,8,4,4
43047,4364,3196,1168
43048,70,46,24
43049,100,59,41
43050,428,155,273
43051,1127,584,543
43052,143,95,48
43053,14,8,6
43054,1429,546,883
43055,1130,780,350
43056,86,62,24
43057,2,2,0
43058,35,26,9
43059,29,14,15
43060,673,329,344
43061,3,2,1
43062,46,29,17
43063,113,87,26
43064,457,227,230
43065,77,59,18
43066,33,24,9
43067,87,76,11
43068,36,30,6
43069,131,95,36
43070,65,21,44
43071,107,71,36
43072,27,24,3
43073,9,7,2
43074,506,222,284
43075,23,19,4
43076,69,54,15
43077,66,49,17
43078,120,85,35
43079,100,67,33
43080,164,61,103
43081,69,66,3
43082,140,123,17
43083,7,7,0
43084,180,114,66
43085,19,9,10
43086,5619,2987,2632
43088,1250,539,711
43089,90,79,11
43090,76,54,22
43091,11,5,6
43092,2240,1258,982
43093,1714,591,1123
43094,581,325,256
43095,723,483,240
43096,80,62,18
43097,45,30,15
43098,205,79,126
43099,59,34,25
43100,503,275,228
43101,13,10,3
43102,29,21,8
43103,600,447,153
43104,552,270,282
43105,11,5,6
43106,70,53,17
43107,67,60,7
43108,931,674,257
43109,2492,2093,399
43110,61,43,18
43111,171,115,56
43112,35,33,2
43113,84,60,24
43114,86,69,17
43115,18,10,8
43116,157,55,102
43117,21,16,5
43118,56,29,27
43119,337,256,81
43120,70,48,22
43121,108,55,53
43122,11,4,7
43123,26907,12699,14208
43124,97,55,42
43125,98,74,24
43126,173,109,64
43127,124,107,17
43128,184,126,58
43129,982,583,399
43130,23,23,0
43131,1570,722,848
43132,202,178,24
43133,1372,1073,299
43134,18,15,3
43135,187,118,69
43136,2106,1086,1020
43137,422,306,116
43138,1386,995,391
43139,506,312,194
43140,3643,1502,2141
43141,29,26,3
43142,630,368,262
43143,15,12,3
43144,159,105,54
43145,2451,1640,811
43146,2,1,1
43147,81,58,23
43148,42744,21153,21591
43149,91,65,26
43150,369,233,136
43151,23,15,8
43152,249,164,85
43153,2676,1137,1539
43154,34,18,16
43155,9906,5452,4454
43156,1987,1264,723
43157,216,144,72
43158,49,15,34
43159,37,21,16
43160,1171,771,400
43161,7460,4459,3001
43162,2003,1442,561
43163,7869,3354,4515
43164,61,56,5
43165,226,174,52
43166,157,106,51
43167,124,91,33
43168,47,39,8
43169,31,22,9
43170,932,835,97
43171,9858,5044,4814
43172,52,40,12
43173,11,8,3
43174,32,20,12
43175,65,44,21
43176,283,195,88
43177,59,35,24
43178,387,236,151
43901,1964,1134,830
43902,381,292,89
43903,1019,758,261
43904,925,654,271
43905,13008,6596,6412
43906,604,281,323
43907,435,296,139
44001,20,15,5
44002,9,5,4
44003,4,1,3
44004,25,18,7
44005,7,5,2
44006,13,6,7
44007,12,10,2
44008,329,176,153
44009,258,101,157
44010,85,45,40
44011,8,4,4
44012,122,66,56
44013,4428,2240,2188
44014,380,192,188
44016,44,18,26
44017,40,17,23
44018,2,2,0
44019,4,3,1
44020,8,8,0
44021,25,10,15
44022,37,24,13
44023,6,3,3
44024,3,2,1
44025,1752,891,861
44026,19,9,10
44027,19,14,5
44028,10,5,5
44029,250,172,78
44031,22,5,17
44032,2,1,1
44033,7,3,4
44034,3,3,0
44035,23,10,13
44036,10,10,0
44037,55,28,27
44038,4,2,2
44039,27,13,14
44040,8,8,0
44041,17,9,8
44042,3,3,0
44043,4,4,0
44044,5,5,0
44045,79,36,43
44046,2,2,0
44047,54,13,41
44048,10,10,0
44049,171,105,66
44050,687,342,345
44051,1137,571,566
44052,3,3,0
44053,8,5,3
44054,590,327,263
44055,16,16,0
44056,79,44,35
44059,132,75,57
44060,7,2,5
44061,1,1,0
44062,0,0,0
44063,7,3,4
44064,5,4,1
44065,2,2,0
44066,12,11,1
44067,69,55,14
44068,70,33,37
44070,7,6,1
44071,151,45,106
44074,110,42,68
44075,14,8,6
44076,240,149,91
44077,21,9,12
44080,46,34,12
44082,6,5,1
44084,5,5,0
44085,1,1,0
44086,205,113,92
44087,14,13,1
44088,2,1,1
44089,2,1,1
44090,3,3,0
44092,13,6,7
44093,7,2,5
44094,2,2,0
44096,15,13,2
44097,5,3,2
44099,146,97,49
44100,35,29,6
44101,28,18,10
44102,0,0,0
44103,40,29,11
44105,1,1,0
44106,16,8,8
44107,91,87,4
44108,81,35,46
44109,26,12,14
44110,1,1,0
44111,7,6,1
44112,53,45,8
44113,8,5,3
44114,27,24,3
44115,51,24,27
44116,10,5,5
44117,33,7,26
44118,14,10,4
44119,12,5,7
44120,9,3,6
44121,10,6,4
44122,395,129,266
44123,4,1,3
44124,0,0,0
44125,4,2,2
44126,66,44,22
44127,10,10,0
44128,8,6,2
44129,1,1,0
44130,4,2,2
44131,3,1,2
44132,12,12,0
44133,2,1,1
44135,5,3,2
44136,7,5,2
44137,52,23,29
44138,21,10,11
44141,10,5,5
44142,0,0,0
44143,60,32,28
44144,97,51,46
44145,168,74,94
44146,46,39,7
44147,137,111,26
44148,23,10,13
44149,13,10,3
44150,2,2,0
44151,23,13,10
44152,4,3,1
44153,341,216,125
44154,184,153,31
44155,146,74,72
44156,17,6,11
44157,6,5,1
44158,308,125,183
44159,12,7,5
44160,72,52,20
44161,136,55,81
44163,19,6,13
44164,1,1,0
44165,20,6,14
44167,5,4,1
44168,4,3,1
44169,26,20,6
44171,15,13,2
44172,16,11,5
44173,7,7,0
44174,52,30,22
44175,4,0,4
44176,13,12,1
44177,9,5,4
44178,3,3,0
44179,88,58,30
44180,3,1,2
44181,0,0,0
44182,24,13,11
44183,10,2,8
44184,2,2,0
44185,12,9,3
44187,15,14,1
44189,5,5,0
44190,4,4,0
44191,190,126,64
44192,76,45,31
44193,43,25,18
44194,18,10,8
44195,10,9,1
44196,9,9,0
44197,8,7,1
44198,28,27,1
44199,8,2,6
44200,1,1,0
44201,154,69,85
44203,0,0,0
44204,1,1,0
44205,30,20,10
44206,7,5,2
44207,37,33,4
44208,2,1,1
44209,180,99,81
44210,219,135,84
44211,14,10,4
44212,3,3,0
44213,3,2,1
44215,28,15,13
44216,14327,9176,5151
44217,10,8,2
44218,2,2,0
44219,8,7,1
44220,8,7,1
44221,40,21,19
44222,4,1,3
44223,8,7,1
44224,4,2,2
44225,12,7,5
44226,10,10,0
44227,4,3,1
44228,4,4,0
44229,15,6,9
44230,27,7,20
44231,5,1,4
44232,24,17,7
44234,5,5,0
44235,34,13,21
44236,14,12,2
44237,79,56,23
44238,593,348,245
44239,0,0,0
44240,25,16,9
44241,67,58,9
44243,5,4,1
44244,353,169,184
44245,23,17,6
44246,672,244,428
44247,27,22,5
44249,3,3,0
44250,2,1,1
44251,17,12,5
44252,16,12,4
44256,6,6,0
44257,3,0,3
44258,1,1,0
44260,28,19,9
44261,35,16,19
44262,10,5,5
44263,14,12,2
44264,29,15,14
44265,24,11,13
44266,8,4,4
44267,8,7,1
44268,0,0,0
45001,420,265,155
45002,677,458,219
45003,51,21,30
45004,91,55,36
45005,52,28,24
45006,190,82,108
45007,230,168,62
45008,17,11,6
45009,53,40,13
45010,60,30,30
45011,57,22,35
45012,178,147,31
45013,258,89,169
45014,615,371,244
45015,83,46,37
45016,319,168,151
45017,58,30,28
45018,57,36,21
45019,1219,656,563
45020,307,214,93
45021,2609,1017,1592
45022,41,12,29
45023,291,213,78
45024,164,120,44
45025,264,200,64
45026,19,5,14
45027,109,69,40
45028,843,596,247
45029,32,16,16
45030,106,52,54
45031,408,303,105
45032,126,79,47
45033,116,52,64
45034,832,609,223
45035,49,34,15
45036,47,32,15
45037,290,153,137
45038,545,335,210
45039,27,15,12
45040,151,85,66
45041,1719,1216,503
45042,8,7,1
45043,66,37,29
45045,398,258,140
45046,647,447,200
45047,381,269,112
45048,72,37,35
45049,59,41,18
45050,46,31,15
45051,235,156,79
45052,285,161,124
45053,4997,3151,1846
45054,2177,1526,651
45055,122,79,43
45056,198,128,70
45057,30,15,15
45058,91,68,23
45059,445,249,196
45060,57,25,32
45061,343,196,147
45062,178,135,43
45063,100,69,31
45064,539,358,181
45065,20,12,8
45066,1089,661,428
45067,286,159,127
45068,23,12,11
45069,174,89,85
45070,259,173,86
45071,502,284,218
45072,121,71,50
45073,76,36,40
45074,46,23,23
45075,31,22,9
45076,46,16,30
45077,347,208,139
45078,146,99,47
45079,50,30,20
45080,17,17,0
45081,4641,2757,1884
45082,761,563,198
45083,150,79,71
45084,435,298,137
45085,254,180,74
45086,81,57,24
45087,2096,1401,695
45088,407,295,112
45089,554,322,232
45090,297,192,105
45091,96,55,41
45092,107,77,30
45093,20,4,16
45094,145,113,32
45095,86,42,44
45096,178,120,58
45097,107,51,56
45098,247,152,95
45099,285,166,119
45100,68,40,28
45101,1636,1088,548
45102,678,408,270
45103,58,30,28
45104,90,61,29
45105,48,30,18
45106,2153,1656,497
45107,868,554,314
45108,109,74,35
45109,875,644,231
45110,140,76,64
45111,15,8,7
45112,659,522,137
45113,441,310,131
45114,83,40,43
45115,2404,1654,750
45116,119,85,34
45117,75,48,27
45118,698,520,178
45119,494,357,137
45120,9,4,5
45121,1918,1155,763
45122,1534,908,626
45123,2287,1516,771
45124,1194,608,586
45125,803,412,391
45126,195,123,72
45127,110,104,6
45128,238,177,61
45129,1,0,1
45130,39,18,21
45131,27,11,16
45132,1227,878,349
45133,553,329,224
45134,445,325,120
45135,1973,1198,775
45136,1324,718,606
45137,382,288,94
45138,138,55,83
45139,21,10,11
45140,190,139,51
45141,437,333,104
45142,2752,1902,850
45143,74,50,24
45144,95,51,44
45145,414,306,108
45146,30,23,7
45147,55,38,17
45148,47,16,31
45149,126,99,27
45150,110,71,39
45151,163,97,66
45152,248,184,64
45153,518,317,201
45154,113,60,53
45155,103,83,20
45156,674,480,194
45157,320,217,103
45158,468,168,300
45159,16,7,9
45160,143,97,46
45161,6901,4906,1995
45162,98,59,39
45163,1726,768,958
45164,23,11,12
45165,11526,5905,5621
45166,432,299,133
45167,538,390,148
45168,44917,21975,22942
45169,23,14,9
45170,88,66,22
45171,169,113,56
45172,164,89,75
45173,1979,1077,902
45174,79,63,16
45175,170,142,28
45176,437,263,174
45177,1554,869,685
45179,88,47,41
45180,598,356,242
45181,181,86,95
45182,199,117,82
45183,263,159,104
45184,70,20,50
45185,2155,1447,708
45186,1602,1030,572
45187,674,399,275
45188,401,260,141
45189,75,52,23
45190,92,35,57
45191,64,55,9
45192,1668,999,669
45193,207,156,51
45194,27,21,6
45195,544,426,118
45196,481,352,129
45197,347,278,69
45198,409,311,98
45199,317,233,84
45200,1517,1135,382
45201,1121,615,506
45202,557,368,189
45203,433,322,111
45204,835,520,315
45205,1825,1132,693
45901,80,65,15
46001,1182,646,536
46002,241,137,104
46003,291,187,104
46004,900,655,245
46005,3709,2228,1481
46006,1013,599,414
46007,3465,2152,1313
46008,309,205,104
46009,578,429,149
46010,192,121,71
46011,5033,4047,986
46012,401,80,321
46013,4118,2520,1598
46014,1850,996,854
46015,1867,1240,627
46016,650,487,163
46017,15028,7528,7500
46018,88,55,33
46019,4216,2528,1688
46020,511,321,190
46021,17573,13737,3836
46022,3471,1615,1856
46023,120,60,60
46024,108,72,36
46025,408,231,177
46026,522,359,163
46027,192,131,61
46028,42,30,12
46029,6262,3762,2500
46030,254,176,78
46031,2343,1490,853
46032,777,539,238
46033,22,17,5
46034,234,133,101
46035,12557,9359,3198
46036,41,26,15
46037,518,304,214
46038,40,31,9
46039,908,414,494
46040,136,85,51
46041,46,21,25
46042,1674,865,809
46043,77,61,16
46044,811,464,347
46045,428,293,135
46046,184,76,108
46047,608,431,177
46048,813,520,293
46049,16,12,4
46050,171,69,102
46051,1447,997,450
46052,162,75,87
46053,877,705,172
46054,1178,602,576
46055,259,171,88
46056,30,12,18
46057,181,97,84
46058,207,115,92
46059,1176,804,372
46060,2031,1217,814
46061,1299,850,449
46062,755,384,371
46063,340,202,138
46064,76,43,33
46065,3024,2130,894
46066,256,119,137
46067,360,266,94
46068,117,39,78
46069,10,5,5
46070,6285,3125,3160
46071,48,18,30
46072,646,354,292
46073,124,66,58
46074,402,296,106
46075,32,23,9
46076,105,68,37
46077,2036,1268,768
46078,4941,2408,2533
46079,79,41,38
46080,214,144,70
46081,1393,754,639
46082,2345,1313,1032
46083,4128,2325,1803
46084,1058,756,302
46085,5026,2999,2027
46086,16,7,9
46087,36,25,11
46088,11,7,4
46089,427,303,124
46090,788,444,344
46091,26,6,20
46092,42,26,16
46093,574,390,184
46094,5124,2963,2161
46095,275,200,75
46096,43,26,17
46097,932,679,253
46098,517,383,134
46099,394,332,62
46100,80,38,42
46101,380,314,66
46102,6666,4305,2361
46103,628,400,228
46104,433,291,142
46105,5735,2769,2966
46106,185,106,79
46107,333,212,121
46108,50,31,19
46109,4304,2631,1673
46110,3096,1487,1609
46111,2471,1585,886
46112,171,108,63
46113,976,553,423
46114,435,170,265
46115,63,35,28
46116,2449,1111,1338
46117,50,24,26
46118,1508,762,746
46119,237,135,102
46120,173,91,82
46121,122,83,39
46122,1020,397,623
46123,512,252,260
46124,514,354,160
46125,96,69,27
46126,1025,786,239
46127,303,207,96
46128,405,241,164
46129,124,93,31
46130,316,235,81
46131,23406,12722,10684
46132,270,133,137
46133,101,74,27
46134,202,112,90
46135,1730,837,893
46136,904,687,217
46137,68,52,16
46138,98,71,27
46139,8252,6233,2019
46140,110,50,60
46141,66,57,9
46142,248,109,139
46143,1447,823,624
46144,177,132,45
46145,5719,2917,2802
46146,897,539,358
46147,5247,3146,2101
46148,763,481,282
46149,48,36,12
46150,328,215,113
46151,57,38,19
46152,6,1,5
46153,65,49,16
46154,227,155,72
46155,152,100,52
46156,495,279,216
46157,716,344,372
46158,67,42,25
46159,6913,3323,3590
46160,643,412,231
46161,221,135,86
46162,506,359,147
46163,915,577,338
46164,1591,940,651
46165,2035,1300,735
46166,1338,797,541
46167,72,36,36
46168,2012,1068,944
46169,3310,1846,1464
46170,698,424,274
46171,3325,1956,1369
46172,914,462,452
46173,417,249,168
46174,375,217,158
46175,227,140,87
46176,215,118,97
46177,3897,2394,1503
46178,1852,1224,628
46179,2119,868,1251
46180,214,108,106
46181,7743,4574,3169
46182,359,264,95
46183,1082,665,417
46184,6043,3181,2862
46185,131,84,47
46186,3221,1960,1261
46187,684,548,136
46188,201,143,58
46189,124,85,39
46190,18190,10128,8062
46191,458,320,138
46192,293,248,45
46193,3091,2359,732
46194,4181,2735,1446
46195,984,716,268
46196,41,24,17
46197,304,186,118
46198,393,270,123
46199,1404,784,620
46200,1678,1183,495
46201,10,6,4
46202,5244,3045,2199
46203,735,498,237
46204,5569,2936,2633
46205,6778,3238,3540
46206,88,43,45
46207,2804,1690,1114
46208,571,129,442
46209,228,125,103
46210,35,22,13
46211,1750,1416,334
46212,169,116,53
46213,5962,3846,2116
46214,10434,6985,3449
46215,68,52,16
46216,704,301,403
46217,332,202,130
46218,369,281,88
46219,51,30,21
46220,15363,9343,6020
46221,287,228,59
46222,110,79,31
46223,1102,630,472
46224,19,10,9
46225,56,32,24
46226,1,0,1
46227,105,78,27
46228,319,175,144
46229,159,109,50
46230,4784,3248,1536
46231,652,419,233
46232,231,138,93
46233,1420,779,641
46234,101,64,37
46235,6769,3775,2994
46236,98,59,39
46237,854,538,316
46238,2890,1618,1272
46239,74,23,51
46240,80,63,17
46241,108,41,67
46242,33,16,17
46243,50,30,20
46244,11160,5697,5463
46245,53,38,15
46246,238,123,115
46247,137,91,46
46248,1316,923,393
46249,3032,1705,1327
46250,312580,167346,145234
46251,408,259,149
46252,31,18,13
46253,25,11,14
46254,674,515,159
46255,970,546,424
46256,868,574,294
46257,2566,1475,1091
46258,421,233,188
46259,285,225,60
46260,449,250,199
46261,229,117,112
46262,36,25,11
46263,26,15,11
46902,43,31,12
46903,2550,1295,1255
46904,52,38,14
47001,141,79,62
47002,20,8,12
47003,60,33,27
47004,241,178,63
47005,175,128,47
47006,64,31,33
47007,1204,988,216
47008,26,12,14
47009,98,64,34
47010,3881,2130,1751
47011,138,81,57
47012,59,40,19
47013,50,40,10
47014,21,8,13
47015,49,34,15
47016,5,5,0
47017,32,21,11
47018,3,1,2
47019,11,7,4
47020,67,57,10
47021,3,3,0
47022,19,15,4
47023,3653,2216,1437
47024,28,22,6
47025,35,25,10
47026,7,7,0
47027,415,284,131
47028,5,5,0
47029,10,8,2
47030,323,209,114
47031,24,24,0
47032,25,15,10
47033,51,28,23
47034,0,0,0
47035,180,146,34
47036,36,26,10
47037,27,23,4
47038,73,37,36
47039,7,5,2
47040,1,1,0
47041,6,4,2
47042,13,12,1
47043,2194,1583,611
47044,32,24,8
47045,73,58,15
47046,11,8,3
47047,51,43,8
47048,31,26,5
47049,12,10,2
47050,894,577,317
47051,33,27,6
47052,1943,1395,548
47053,15,7,8
47054,197,146,51
47055,236,190,46
47056,4,3,1
47057,102,55,47
47058,44,25,19
47059,115,74,41
47060,410,105,305
47061,28,17,11
47062,14,11,3
47063,90,76,14
47064,2,1,1
47065,119,92,27
47066,309,203,106
47067,23,17,6
47068,4,3,1
47069,8,8,0
47070,4,3,1
47071,314,55,259
47073,6,3,3
47074,26,18,8
47075,1420,696,724
47076,2401,1243,1158
47077,46,39,7
47078,31,13,18
47079,3,1,2
47080,24,19,5
47081,3,2,1
47082,272,190,82
47083,82,81,1
47084,274,182,92
47085,4487,2258,2229
47086,3711,2109,1602
47087,150,114,36
47088,35,25,10
47089,29,24,5
47090,1307,1033,274
47091,8,7,1
47092,25,20,5
47093,155,86,69
47094,17,15,2
47095,1,1,0
47096,16,13,3
47097,48,32,16
47098,340,290,50
47099,35,21,14
47100,201,94,107
47101,353,250,103
47102,71,59,12
47103,63,41,22
47104,3098,1541,1557
47105,21,15,6
47106,41,25,16
47109,9,6,3
47110,46,38,8
47111,132,66,66
47112,516,233,283
47113,136,104,32
47114,1945,1040,905
47115,42,32,10
47116,454,302,152
47117,31,24,7
47118,23,20,3
47119,9,7,2
47121,48,41,7
47122,432,283,149
47123,69,59,10
47124,205,142,63
47125,2,1,1
47126,11,9,2
47127,119,75,44
47128,3,2,1
47129,1146,472,674
47130,32,20,12
47131,11,9,2
47132,8,6,2
47133,299,203,96
47134,13,9,4
47135,3,0,3
47137,3,1,2
47138,34,27,7
47139,667,465,202
47140,129,87,42
47141,9,7,2
47142,7,5,2
47143,11,10,1
47144,25,22,3
47145,105,70,35
47146,50,32,18
47147,6,5,1
47148,37,26,11
47149,4,3,1
47150,111,74,37
47151,18,5,13
47152,26,17,9
47153,17,9,8
47154,22,16,6
47155,844,643,201
47156,112,61,51
47157,488,343,145
47158,368,252,116
47159,936,704,232
47160,61,39,22
47161,678,368,310
47162,14,11,3
47163,111,59,52
47164,116,86,30
47165,2527,1143,1384
47166,110,70,40
47167,22,15,7
47168,14,6,8
47169,1,1,0
47170,28,18,10
47171,49,30,19
47172,9,9,0
47173,211,151,60
47174,25,17,8
47175,961,567,394
47176,44,14,30
47177,30,23,7
47178,34,24,10
47179,463,286,177
47180,10,9,1
47181,18,18,0
47182,635,355,280
47183,30,16,14
47184,269,161,108
47185,27,19,8
47186,103820,52503,51317
47187,33,20,13
47188,29,7,22
47189,35,22,13
47190,6,4,2
47191,5,4,1
47192,72,62,10
47193,142,88,54
47194,43,22,21
47195,67,39,28
47196,23,18,5
47197,78,62,16
47198,16,15,1
47199,8,7,1
47200,5,3,2
47203,5,4,1
47204,37,32,5
47205,50,37,13
47206,24,19,5
47207,88,14,74
47208,2,2,0
47209,2,2,0
47210,105,33,72
47211,2,1,1
47212,241,83,158
47213,6,6,0
47214,187,96,91
47215,4,3,1
47216,12,10,2
47217,801,489,312
47218,122,84,38
47219,10,8,2
47220,88,48,40
47221,11,9,2
47222,7,6,1
47223,33,19,14
47224,10,7,3
47225,2,1,1
47226,6,6,0
47227,9,7,2
47228,225,197,28
47229,23,14,9
47230,12,11,1
47231,1132,610,522
47232,16,13,3
48001,4619,2412,2207
48002,2890,1667,1223
48003,9402,4932,4470
48004,81,48,33
48005,42,23,19
48006,62,25,37
48007,65,26,39
48008,344,121,223
48009,360,253,107
48010,92,53,39
48011,3027,1632,1395
48012,1132,598,534
48013,25209,9432,15777
48014,561,111,450
48015,9884,5212,4672
48016,2224,1529,695
48017,3486,1712,1774
48018,1025,608,417
48019,2208,1516,692
48020,167751,79330,88421
48021,253,59,194
48022,410,121,289
48023,374,252,122
48024,80,45,35
48025,158,55,103
48026,306,105,201
48027,5164,2373,2791
48028,74,27,47
48029,1930,1251,679
48030,1073,505,568
48031,2,0,2
48032,3197,1479,1718
48033,15,3,12
48034,6072,3967,2105
48035,19,13,6
48036,6723,3969,2754
48037,149,88,61
48038,97,49,48
48039,7,5,2
48040,657,276,381
48041,99,56,43
48042,754,276,478
48043,995,409,586
48044,11396,4165,7231
48045,1079,466,613
48046,3430,1692,1738
48047,236,148,88
48048,179,120,59
48049,60,37,23
48050,441,399,42
48051,339,46,293
48052,1030,674,356
48053,122,70,52
48054,12236,4854,7382
48055,1285,884,401
48056,99,48,51
48057,973,408,565
48058,910,479,431
48059,107,77,30
48060,1658,641,1017
48061,76,47,29
48062,29,20,9
48063,72,36,36
48064,70,18,52
48065,527,334,193
48066,54,30,24
48067,174,109,65
48068,353,130,223
48069,5139,2780,2359
48070,51,34,17
48071,3592,2303,1289
48072,131,75,56
48073,1572,763,809
48074,1474,425,1049
48075,1885,666,1219
48076,115,73,42
48077,592,279,313
48078,6407,2114,4293
48079,63,35,28
48080,5335,3945,1390
48081,278,180,98
48082,7225,3681,3544
48083,1953,1030,923
48084,4463,2438,2025
48085,1429,616,813
48086,1293,302,991
48087,95,29,66
48088,3,0,3
48089,950,552,398
48090,1334,521,813
48091,906,587,319
48092,403,291,112
48093,167,72,95
48094,1202,820,382
48095,1241,843,398
48096,2539,916,1623
48097,928,610,318
48901,8695,3730,4965
48902,10748,5893,4855
48903,2464,1429,1035
48904,2907,1642,1265
48905,8012,4934,3078
48906,156,36,120
48907,376,42,334
48908,127,78,49
48909,21,10,11
48910,2692,2001,691
48911,357,260,97
48912,567,341,226
48913,976,584,392
48914,25,25,0
48915,21,15,6
49002,23,4,19
49003,174,91,83
49004,5,3,2
49005,12,8,4
49006,8,7,1
49007,49,27,22
49008,70,45,25
49009,31,29,2
49010,70,64,6
49011,18,13,5
49012,5,5,0
49013,35,14,21
49014,8,6,2
49015,9,8,1
49016,10,8,2
49017,19,10,9
49018,27,13,14
49019,23,10,13
49020,16,15,1
49021,4838,2599,2239
49022,19,13,6
49023,168,87,81
49024,75,42,33
49025,11,7,4
49026,9,7,2
49027,11,9,2
49028,12,5,7
49029,34,23,11
49030,3,2,1
49031,11,10,1
49032,28,18,10
49033,123,57,66
49034,47,32,15
49035,10,5,5
49036,67,34,33
49037,11,5,6
49038,13,10,3
49039,104,80,24
49040,7,4,3
49041,158,134,24
49042,17,12,5
49043,19,15,4
49044,3,3,0
49046,29,24,5
49047,10,6,4
49048,64,61,3
49050,100,85,15
49052,9,9,0
49053,1297,592,705
49054,174,112,62
49055,5,5,0
49056,14,5,9
49057,36,33,3
49058,46,34,12
49059,68,46,22
49061,43,17,26
49062,10,7,3
49063,169,138,31
49064,26,9,17
49065,269,145,124
49066,89,34,55
49067,31,22,9
49068,42,30,12
49069,24,16,8
49071,41,32,9
49075,7,3,4
49076,35,29,6
49077,10,7,3
49078,13,8,5
49079,12,11,1
49080,88,59,29
49081,244,151,93
49082,28,19,9
49083,1,0,1
49084,29,20,9
49085,364,167,197
49086,6,4,2
49087,23,15,8
49088,2,2,0
49090,32,18,14
49091,69,42,27
49092,7,6,1
49093,77,46,31
49094,20,9,11
49095,46,36,10
49096,10,6,4
49097,5,4,1
49098,8,7,1
49099,18,9,9
49100,61,40,21
49101,22,13,9
49102,19,15,4
49103,32,24,8
49104,32,26,6
49105,0,0,0
49107,11,7,4
49108,31,15,16
49109,38,29,9
49110,35,29,6
49111,12,10,2
49112,8,6,2
49113,3,3,0
49114,9,7,2
49115,11,7,4
49116,11,7,4
49117,37,28,9
49118,9,6,3
49119,7,0,7
49120,2,1,1
49121,124,46,78
49122,147,79,68
49123,30,15,15
49124,23,18,5
49125,166,97,69
49126,23,22,1
49127,380,199,181
49128,40,27,13
49129,817,559,258
49130,13,10,3
49131,23,12,11
49132,12,8,4
49133,15,11,4
49134,21,19,2
49135,102,68,34
49136,86,33,53
49137,10,9,1
49138,5,3,2
49139,10,9,1
49141,60,46,14
49142,15,6,9
49143,15,6,9
49145,12,9,3
49146,70,42,28
49147,74,41,33
49148,19,12,7
49149,42,22,20
49150,8,3,5
49151,49,31,18
49152,155,124,31
49153,48,31,17
49154,17,14,3
49155,5,3,2
49156,15,6,9
49157,3,0,3
49158,9,8,1
49159,63,53,10
49160,3,2,1
49162,11,7,4
49163,27,14,13
49164,10,8,2
49165,4,4,0
49166,808,371,437
49167,13,7,6
49168,14,13,1
49169,2,0,2
49170,20,10,10
49171,52,28,24
49172,87,37,50
49173,35,27,8
49174,23,13,10
49175,46,35,11
49176,80,62,18
49177,21,16,5
49178,1465,468,997
49179,27,22,5
49180,23,5,18
49181,76,58,18
49183,4,3,1
49184,13,6,7
49185,21,13,8
49186,37,26,11
49187,188,121,67
49188,41,26,15
49189,12,12,0
49190,7,4,3
49191,15,11,4
49192,7,5,2
49193,43,34,9
49194,16,13,3
49197,21,17,4
49199,6,6,0
49200,82,59,23
49201,22,17,5
49202,12,10,2
49203,4,1,3
49204,3,1,2
49205,63,41,22
49206,122,79,43
49207,68,59,9
49208,22,15,7
49209,57,31,26
49210,56,38,18
49214,98,74,24
49216,6,5,1
49219,5983,3226,2757
49220,39,18,21
49221,15,9,6
49222,33,22,11
49223,27,21,6
49224,19,6,13
49225,11,10,1
49226,69,51,18
49227,68,58,10
49228,225,107,118
49229,34,25,9
49230,25,24,1
49231,22,12,10
49232,8,6,2
49233,8,6,2
49234,101,73,28
49235,42,32,10
49236,6,2,4
49237,4,4,0
49238,81,57,24
49239,161,122,39
49240,15,11,4
49241,24,14,10
49242,49,29,20
49243,14,12,2
49244,43,26,17
49245,36,30,6
49246,5,3,2
49247,72,34,38
49248,19,13,6
49249,7,7,0
49250,148,74,74
49251,13,6,7
49252,9,7,2
49255,47,33,14
49256,15,12,3
49257,191,146,45
49258,39,32,7
49259,6,5,1
49260,66,28,38
49261,266,112,154
49262,62,51,11
49263,1,1,0
49264,42,25,17
49265,8,4,4
49266,5,5,0
49267,24,21,3
49268,43,23,20
49269,12,9,3
49270,67,54,13
49271,22,15,7
49272,5,5,0
49273,16,13,3
49275,17402,6976,10426
50001,161,55,106
50002,87,62,25
50003,95,23,72
50004,385,286,99
50005,18,9,9
50006,157,77,80
50007,5,2,3
50008,2710,1095,1615
50009,123,84,39
50010,23,14,9
50011,55,39,16
50012,6,3,3
50013,168,91,77
50014,23,13,10
50015,11,6,5
50016,8,3,5
50017,431,215,216
50018,2542,1733,809
50019,6,1,5
50020,585,253,332
50021,0,0,0
50022,23,14,9
50023,7,5,2
50024,494,313,181
50025,6101,3599,2502
50026,99,58,41
50027,9,4,5
50028,5,5,0
50029,154,119,35
50030,42,16,26
50031,11,5,6
50032,12,9,3
50033,5,4,1
50034,192,77,115
50035,3,1,2
50036,5,2,3
50037,8,6,2
50038,596,297,299
50039,42,35,7
50040,3,3,0
50041,1,1,0
50042,1,1,0
50043,167,155,12
50044,9,5,4
50045,247,91,156
50046,8,6,2
50047,0,0,0
50048,1,1,0
50050,0,0,0
50051,127,81,46
50052,32,19,13
50053,82,60,22
50054,0,0,0
50055,1691,962,729
50056,34,21,13
50057,421,215,206
50058,7,7,0
50059,100,74,26
50060,20,11,9
50061,41,33,8
50062,1841,1352,489
50063,10,8,2
50064,59,38,21
50065,2,0,2
50066,1107,598,509
50067,5402,2832,2570
50068,1213,911,302
50069,8,6,2
50070,4,4,0
50071,20,17,3
50072,5,5,0
50073,1789,1387,402
50074,6262,4362,1900
50075,86,65,21
50076,14,13,1
50077,12,10,2
50078,21,13,8
50079,39,37,2
50080,10,8,2
50081,24,19,5
50082,10,8,2
50083,3,1,2
50084,1,1,0
50085,7,6,1
50086,62,43,19
50087,2,1,1
50088,76,50,26
50089,4824,3174,1650
50090,23,22,1
50091,4,1,3
50092,795,554,241
50093,10,10,0
50094,325,153,172
50095,3271,1989,1282
50096,2,1,1
50098,41,16,25
50099,3062,2158,904
50100,52,44,8
50101,152,99,53
50102,258,174,84
50104,11,7,4
50105,58,40,18
50106,6,3,3
50107,3781,3097,684
50108,15,13,2
50109,4,2,2
50110,153,106,47
50111,10,10,0
50113,324,247,77
50114,49,39,10
50115,1476,1108,368
50116,71,55,16
50117,10,8,2
50118,572,318,254
50119,57,29,28
50120,8,7,1
50121,21,19,2
50122,3,1,2
50123,27,15,12
50124,29,22,7
50125,41,38,3
50126,904,479,425
50128,5,0,5
50129,132,57,75
50130,81,58,23
50131,22,12,10
50132,120,67,53
50133,5,3,2
50134,11,10,1
50135,6,4,2
50136,47,34,13
50137,93,65,28
50138,1,1,0
50139,29,23,6
50140,8,6,2
50141,12,9,3
50142,4,3,1
50143,233,207,26
50144,1,0,1
50146,35,24,11
50147,81,53,28
50148,28,12,16
50149,3,2,1
50150,228,156,72
50151,65,37,28
50152,1099,697,402
50153,179,103,76
50154,31,21,10
50155,21,12,9
50156,33,21,12
50157,47,17,30
50159,340,242,98
50160,850,285,565
50161,12,12,0
50162,63,47,16
50163,540,311,229
50164,22,14,8
50165,1305,826,479
50166,14,10,4
50167,25,15,10
50168,0,0,0
50169,142,108,34
50170,23,15,8
50171,14,13,1
50172,43,19,24
50173,21,17,4
50174,63,53,10
50175,102,74,28
50176,164,130,34
50177,59,44,15
50178,18,14,4
50179,13,8,5
50180,21,14,7
50181,334,258,76
50182,2300,1543,757
50183,261,194,67
50184,38,30,8
50185,200,170,30
50186,2,1,1
50187,1,1,0
50188,1,1,0
50189,106,82,24
50190,52,31,21
50191,50,25,25
50192,398,120,278
50193,46,41,5
50194,68,43,25
50195,2,1,1
50196,108,95,13
50197,101,33,68
50198,7,7,0
50199,99,34,65
50200,292,230,62
50201,437,336,101
50202,21,19,2
50203,88,59,29
50204,2638,2229,409
50205,2,1,1
50206,50,36,14
50207,9,6,3
50208,1465,711,754
50209,928,713,215
50210,9,7,2
50211,33,23,10
50212,0,0,0
50213,2,1,1
50214,3,2,1
50215,0,0,0
50216,92,80,12
50217,181,154,27
50218,6,5,1
50219,1885,1277,608
50220,7,4,3
50221,4,3,1
50222,762,513,249
50223,147,94,53
50224,2,1,1
50225,2951,1799,1152
50227,29,12,17
50228,180,141,39
50229,45,33,12
50230,262,108,154
50231,89,72,17
50232,12,12,0
50233,13,13,0
50234,64,26,38
50235,459,321,138
50236,6,4,2
50237,5,4,1
50238,21,16,5
50239,3,2,1
50240,1992,1320,672
50241,281,234,47
50242,12,9,3
50243,127,92,35
50244,15,8,7
50245,77,76,1
50246,4,4,0
50247,374,297,77
50248,147,65,82
50249,49,33,16
50250,11,6,5
50251,3615,2121,1494
50252,1537,999,538
50253,117,96,21
50254,25,23,2
50255,29,18,11
50256,0,0,0
50257,22,21,1
50258,1,1,0
50259,13,8,5
50260,3,1,2
50261,28,19,9
50262,566,459,107
50263,13,6,7
50264,26,16,10
50265,19,16,3
50266,18,14,4
50267,87,49,38
50268,14,12,2
50269,142,93,49
50270,6,4,2
50271,22,17,5
50272,5734,3305,2429
50273,5,5,0
50274,3,0,3
50275,0,0,0
50276,6,1,5
50277,18,12,6
50278,13,4,9
50279,19,11,8
50280,96,63,33
50281,14,14,0
50282,31,26,5
50283,30,16,14
50284,63,48,15
50285,130,38,92
50286,6,6,0
50287,108,87,21
50288,1767,1268,499
50289,2,1,1
50290,62,45,17
50291,33,12,21
50292,45,37,8
50293,36,14,22
50294,8,3,5
50295,4,4,0
50296,84,56,28
50297,197565,96820,100745
50298,1543,909,634
50901,16,13,3
50902,3,1,2
50903,0,0,0
51001,18583,8956,9627
52001,16965,7755,9210
